1389853981631987716
1389858328642269185
1389853586566303745
1389858327648038914
1389858327958540288
1389858323168522240
1389858322971455490
1389858320144502788
1389854175014449158
1389856896425742338
1389858317477023748
1389858140414427139
1389858316709339141
1389858310946316289
1389858307267960833
1389856658830946305
1389857338434093056
1389858306542424064
1389855951734386690
1389858028162322434
1389855068690731010
1389855149527425026
1389856784756613124
1389858298128592897
1389858293976387584
1389857731704770560
1389858285843468288
1389854799986757633
1389854893226164225
1389858284383920128
1389858184324599811
1389858284895719425
1389858278662828035
1389858275605291008
1389857044430262275
1389858278163746818
1389853284396056576
1389853288603000833
1389853731047579650
1389853293095100416
1389853289534181376
1389856722936860674
1389853293883633666
1389853294844076033
1389853290389721088
1389853730296799233
1389853292319191041
1389853728765890561
1389853729516576769
1389853727851433986
1389856723754704902
1389853283041296385
1389853286824611841
1389856217720295424
1389853731949359108
1389858268378435586
1389856722177699844
1389853285180391426
1389853291396440065
1389853287596298241
1389853286006657026
1389857228665102336
1389853726953836546
1389856700870561794
1389858247616647170
1389858247775977480
1389858042834034688
1389858239701979136
1389858233590878218
1389856331511836672
1389858235373457417
1389858229182636036
1389858226179555328
1389858226590535684
1389856921004482567
1389858222903857157
1389858214473310211
1389854247630561280
1389857121995472897
1389854028687884291
1389857758007209989
1389856607564181505
1389856847314685952
1389857958746546177
1389857494038679553
1389857285535633408
1389854200629235712
1389857738545639424
1389856712857903104
1389856465133920256
1389856003018088448
1389856261257236482
1389853875792928774
1389858002174414848
1389858044687921153
1389857602390089729
1389856033674309635
1389856067039924224
1389857526825553921
1389857170011852802
1389857369207803908
1389857220133851137
1389857830472200193
1389856798794977282
1389856882563682305
1389855955014361090
1389857322634301444
1389857461381775361
1389856983201849347
1389856838049480706
1389858216612356097
1389856757896433667
1389858214997594116
1389858219384770567
1389858213793656837
1389858200204152832
1389854519497052163
1389854695087300609
1389854310159224844
1389856966567206913
1389857528545267712
1389856261525622785
1389858202947305473
1389855446635253761
1389858195246657538
1389858196387295241
1389857039657091073
1389858192759398400
1389858088178515970
1389855956935139329
1389856349794627585
1389858186304245761
1389855816765743104
1389855436254310401
1389857339105185793
1389858183686938625
1389854306568785922
1389857601777639424
1389858188598595587
1389858187147313155
1389857986261176322
1389858182160338946
1389858173381656578
1389858171062300672
1389858169082552325
1389856841354518528
1389858167849291785
1389858168629436417
1389858162019377153
1389858155530657795
1389858153886457863
1389858147603468289
1389858143732125698
1389858140062044166
1389858129777676293
1389858126179016704
1389858125327618048
1389858124065091584
1389858116225802240
1389858109036765185
1389858108973797381
1389858105824002049
1389857220007956480
1389857984512204802
1389858097179631616
1389858084152123393
1389858075142668292
1389858067232305153
1389858067320295425
1389857025488826371
1389858063255949313
1389855575727558656
1389856690141597698
1389855980297625601
1389858064296185857
1389854082672709637
1389855200492462083
1389852974667624448
1389853754971746312
1389858042481573897
1389857530658975748
1389853302620229642
1389858044721438723
1389858034323656704
1389858037545017349
1389858027751329792
1389858016950902794
1389854018982141952
1389857911371800578
1389855677024129025
1389858012714700803
1389855573311725568
1389858009979961346
1389855179684581376
1389854495623028736
1389857993676701699
1389857995559870464
1389857990661054465
1389857078722838531
1389854598526087168
1389854992954187780
1389857983484465152
1389857982293364738
1389857981978877952
1389857972172513281
1389857967470637057
1389857961762344962
1389857951280771075
1389857948373950473
1389857949552570371
1389857945777700866
1389857945945575424
1389857937754034178
1389857734238015489
1389857135148863489
1389857934864265217
1389857923023609861
1389857921110929413
1389857621650313216
1389857552016490497
1389857920486150144
1389855692400566275
1389857067205373953
1389853890519175168
1389854693589987328
1389857894141775875
1389856110501318658
1389855221464145920
1389857543149826050
1389857897862025216
1389856511715942401
1389857639799132162
1389856818395033601
1389857898113556482
1389857896003870721
1389857900215029762
1389857891788607488
1389857886822490115
1389857887246295040
1389857871018348545
1389857028537978881
1389857870569684992
1389857863103926273
1389857864039161856
1389857853276516352
1389857850961367040
1389855348463390721
1389857836751020032
1389857828878241792
1389857830937694214
1389857830350454787
1389857811111231488
1389857795126685705
1389855290850299904
1389855743675813888
1389857781042216966
1389856471274323977
1389853355464216578
1389854147957067776
1389854827576913920
1389854585532018689
1389853253815324681
1389854041061175298
1389856811168276481
1389857766353870848
1389857044791013376
1389857764013264897
1389857760678981632
1389857757893963777
1389857742572068867
1389857745348739072
1389857737660583937
1389857734007435267
1389854492322144261
1389855854464282630
1389854521480957952
1389857733525090305
1389855814127603713
1389856138225758211
1389856397567963136
1389857236705492994
1389857735546654720
1389855275629297667
1389857726046609410
1389857700213784578
1389857722787536897
1389857725400580097
1389857711320289284
1389857043431886852
1389857705335087104
1389857708149547008
1389857693934833667
1389857692907450368
1389857670581080065
1389856829383929856
1389855549794123777
1389857667233959936
1389856290516574209
1389856003030609922
1389857661919797249
1389857656043556868
1389855039745888257
1389856429469806595
1389857641191596035
1389857194649309186
1389857631355867142
1389857633570410498
1389857617963532294
1389857617967820801
1389857589685542912
1389855601040166918
1389857593196154881
1389857578415312903
1389857587542298629
1389857571968794625
1389857574598610944
1389857569762545665
1389857555564818437
1389853920118272001
1389856317141966848
1389857553513811971
1389857526577913856
1389856964096643073
1389856280152403971
1389857527127445506
1389854906882740224
1389856494712066050
1389854222015860736
1389855815851417603
1389854097562497024
1389856040099876874
1389854711805739011
1389855515350507521
1389857522123776001
1389857524074139652
1389857515198943235
1389857507183636481
1389857499189219330
1389855033739579396
1389855738521075712
1389857484316323842
1389855863003811840
1389857190366912513
1389857485616410634
1389857178811523075
1389857422777503747
1389857470873407494
1389857475038384128
1389857471288815617
1389857462560256000
1389857464384884741
1389857435255558145
1389855592131567622
1389856702372134913
1389857438824869890
1389857428984975361
1389856418002575360
1389856743027585024
1389855570501545986
1389857427407790084
1389855316666294280
1389857430150995969
1389855179240087553
1389856859872321546
1389855622091264002
1389857420680253440
1389853579079471104
1389857419329671170
1389856041341538306
1389857414325800967
1389854888167837702
1389854890793394178
1389856154155556865
1389857406679719940
1389854887878533121
1389857406360985602
1389857405912166403
1389857400346214400
1389855988430172162
1389855571977834498
1389857399616507904
1389856311941214212
1389857389709602816
1389857392565751812
1389857389055299584
1389857383980142592
1389855648146501634
1389857381337739267
1389855164903919617
1389856516228911105
1389857370747162625
1389854163719401475
1389855334932656131
1389855817126514688
1389854314592616452
1389857359527243777
1389854684437893127
1389857348731260928
1389857350580846594
1389857344935186436
1389857347053527040
1389857325758959618
1389857331404369923
1389854409115398145
1389857328019607552
1389855250027188230
1389854683439665156
1389857317391319041
1389857305441751048
1389855230330802176
1389853918692319238
1389857088323653632
1389855663371821056
1389857310575665154
1389857308474228740
1389857296830840834
1389856835855921152
1389855894855372802
1389857298827382789
1389857288652042241
1389856323462995970
1389857286252806144
1389857290912735233
1389857289301946373
1389857277360869377
1389854703689818112
1389857275158929408
1389857278077988878
1389857276559863808
1389857274278014978
1389857273288138755
1389857272294256640
1389856803140378624
1389856558209769473
1389857264496898048
1389857267055484930
1389857249657462794
1389857228652482560
1389857202433712137
1389857198541467651
1389857185065181188
1389857184473919489
1389857189066678275
1389857193260818435
1389857190534594562
1389857194737209345
1389857194649210881
1389856087143292929
1389857194863218688
1389857184142430209
1389857169663840256
1389855643981402115
1389855139062706176
1389857155830800384
1389857147907870720
1389857056606281729
1389856913416982530
1389857133835993090
1389857129134125059
1389857111530778626
1389854137026850816
1389853693315588100
1389853692690632705
1389854137362358272
1389857108087119872
1389857104316575744
1389857106149486592
1389857108917620736
1389853887000158208
1389856171779969027
1389853753537269765
1389857096372350987
1389855020212887559
1389856255297028100
1389857092614377473
1389857075065405441
1389855559730573318
1389854376676765696
1389857065892519936
1389857071651299329
1389856335269879809
1389856548311162882
1389857065456259075
1389857058183270405
1389857049362636804
1389857045252296706
1389854515894104067
1389853954956275712
1389856102637056003
1389854927313383426
1389857041326428163
1389857029640966146
1389857020887670784
1389857019222446080
1389857013966860291
1389857016924053505
1389856983008772096
1389856970052616193
1389856980932562945
1389855409066766337
1389856959336169478
1389856953577484289
1389856948795936769
1389856413955018754
1389856942953271296
1389856799084486664
1389855715318276097
1389856944089976832
1389854426475679744
1389856926624714752
1389856915556081666
1389856912980779008
1389856906861334528
1389856141442703364
1389854179401736194
1389856442362961925
1389856171469639681
1389854558398992384
1389855430487117828
1389853732280602627
1389855629091745795
1389854890197913606
1389855188312334337
1389856896081928194
1389856893212921862
1389856891845681152
1389856880055386112
1389856880025952262
1389856877312364544
1389856591113977858
1389856873008963587
1389856006625140736
1389855227168264192
1389856603084632067
1389856872425996288
1389856866742775809
1389856373429657601
1389856866407096323
1389856859687817217
1389854857624899585
1389856854340083714
1389856854088499202
1389856857318121472
1389856846081662978
1389856845892890626
1389856843476910080
1389854374139088897
1389855064160837635
1389855424736731139
1389853151600070658
1389854775290646531
1389853668434800641
1389853485869387779
1389855618240974850
1389853901411684352
1389854130298966022
1389856839534219264
1389856841618780161
1389855041050136577
1389855574553075713
1389854920631717891
1389855467984150528
1389856832651501570
1389854090604257281
1389856834954092547
1389856837097463810
1389856475154112517
1389856818122403840
1389856818848047107
1389856814028804096
1389856816092225538
1389856494502301699
1389856807586209795
1389856812967636992
1389856804494925827
1389854270913015816
1389856783183736836
1389856779123806212
1389856764099665927
1389856743463612422
1389856732625608705
1389856726598434820
1389856714162384898
1389856696391147521
1389856679601205250
1389856679647268867
1389856676677787649
1389856092432134146
1389856674408632320
1389856664103313417
1389856656423411712
1389854215351144451
1389856654544363526
1389854656621281281
1389856653001039875
1389855451148431360
1389856078444187648
1389856647317577732
1389856545681252355
1389856650878767105
1389856651214131204
1389856645644267520
1389856640543907844
1389856633136766978
1389856625108918273
1389856600484204545
1389856594624712707
1389856595694309377
1389856589323067394
1389856585099382787
1389856585736929280
1389856579705614337
1389856578166149124
1389856574768697344
1389854648379396098
1389854331902464002
1389856570381672450
1389856566111780866
1389856557224153090
1389853858092945410
1389853391921324032
1389856037541404672
1389856537120854017
1389856529986166784
1389856520578424835
1389856393382043648
1389854395148419073
1389856514735853569
1389856511124545537
1389856489825873922
1389854907122044928
1389854980593553408
1389856476479508480
1389856219804934144
1389856476576063488
1389856020764180483
1389856475779149825
1389856470309687296
1389856216755617796
1389856470011895808
1389856463393284096
1389856458968342529
1389856453830184965
1389856447635234816
1389856451095498755
1389856439913488386
1389856428865712129
1389856436717510658
1389856405998473216
1389856406422032386
1389856406602403843
1389856398423379976
1389856399853854721
1389854833872568327
1389856388277411840
1389855219551412225
1389856383701594114
1389856383881945089
1389856377556770819
1389856374717181953
1389856372888465411
1389856086027505668
1389856367268204546
1389856364244213769
1389856358212767748
1389855116451319809
1389856359638880258
1389856361731674118
1389856338734292999
1389856323869741058
1389856321818742785
1389856317364260869
1389856297235861505
1389856294186541057
1389855191390998528
1389856300482404355
1389856283335950339
1389856275870015493
1389853537933271040
1389856278353121288
1389854034618507266
1389853894423969796
1389856280580431874
1389856269159198720
1389856264998506496
1389856264469975045
1389856259772358659
1389856250960166914
1389854550455197696
1389855217949184005
1389856239513858049
1389856236506599424
1389856212787896322
1389855801062301699
1389856210677948419
1389856204474748932
1389856205703553028
1389856208329248769
1389856206660018176
1389856196820029442
1389856203417604101
1389855941240229890
1389856187466801152
1389856191300440064
1389855987767652352
1389856192957136898
1389856173558362117
1389856178662821894
1389856168198160385
1389855400980267010
1389856161134952453
1389856163014004738
1389856158933032963
1389856161243963394
1389856146941304840
1389856149617455105
1389856141551685638
1389854143682998279
1389855378888744962
1389854905980964866
1389856135495131138
1389856122874613760
1389855999608037377
1389856115379249155
1389856044633845762
1389856112342564868
1389856116151144448
1389856113336672256
1389856109964505090
1389856107083051009
1389854900423696387
1389856098098765825
1389854589386727425
1389856096219762691
1389855289042640901
1389856062212349953
1389856055899820036
1389855906028933126
1389856054603771906
1389856051537850368
1389856039315648515
1389854538094583811
1389855649601835009
1389854805498245123
1389854969537261569
1389855648343543808
1389856031845470216
1389856036304084995
1389855020573732869
1389856031908499459
1389856031786819587
1389856023779979265
1389856009775165441
1389855986878455808
1389856004926365698
1389856008730710018
1389855947422531584
1389855989130616836
1389855994319097856
1389855988040097796
1389855972630335488
1389855972517101569
1389855971472773123
1389855966359822340
1389855962110955524
1389855958843670530
1389855240799756288
1389854845432078337
1389855635185881095
1389855956499001350
1389855955962245122
1389855944604065792
1389855938585190403
1389855936500600832
1389855925331243013
1389855924475502600
1389854821994307586
1389855919320731651
1389855922642690050
1389855909883441155
1389855906750414850
1389855907815755778
1389855894838652930
1389854532755132418
1389855889947959300
1389855887649644545
1389855886429106176
1389855876161306626
1389854989636472832
1389854448437039104
1389855874404036612
1389853838685900801
1389853005550338052
1389855864891219969
1389855692551454721
1389855243962261505
1389855866942156803
1389855867198230529
1389854716889337856
1389855853642145795
1389855826546888705
1389855834386010114
1389855827264147458
1389855828014927872
1389855770448220164
1389855825833910273
1389855823967395850
1389855826433777664
1389855826530103301
1389855811216752645
1389854865233432576
1389855801536221188
1389855042983899145
1389855814933008385
1389855786579468288
1389855786386481152
1389855295686447104
1389855777855139840
1389855775531671559
1389855778295668739
1389855563576717314
1389855768195784704
1389855751296802818
1389855756254552064
1389855751959584768
1389855739271733251
1389855740668620802
1389855733760548866
1389855736159784961
1389854829996953600
1389854372431945728
1389855733580058624
1389855727028776960
1389855717423685641
1389855719025831942
1389855704224260100
1389855699849650176
1389855696024481792
1389855695240011779
1389854718780870663
1389855695781122050
1389855687904088064
1389855685110870016
1389855685190561793
1389854286608314368
1389853434245959680
1389853838513950721
1389854123667992576
1389855684808908800
1389854385182846976
1389853938019708928
1389854952252641283
1389853558393159682
1389853355791499266
1389855672163053569
1389855663308873728
1389855131768958976
1389854058962329603
1389854416610553859
1389855655331131392
1389855117642330113
1389855652701511680
1389855656937615365
1389855651782877185
1389855642240835587
1389855649983385606
1389855604676591618
1389854595749318658
1389855611408551936
1389855593381318661
1389855004408782848
1389855466885320704
1389855068615180291
1389855601413353474
1389854780068040707
1389855598511071233
1389855603460395008
1389855601556135937
1389855585630265347
1389855575350071302
1389855576113381385
1389855575232552960
1389855574335053825
1389855569587019787
1389855557650108417
1389855552419733505
1389855544198979586
1389853829999562752
1389854419689168899
1389854208560537606
1389854906807246850
1389853469373198340
1389855544932913152
1389855532622782465
1389855521537024001
1389855515153367047
1389854603202547712
1389855505271635971
1389854009373102083
1389853661048811523
1389855500011978754
1389854010664960002
1389855198517026816
1389855491510181892
1389854618994323457
1389855488142159873
1389855487655612417
1389855482278461443
1389855480814743553
1389855480466509829
1389855474238083074
1389853412154511363
1389853586306207752
1389854254974660608
1389855463215308801
1389855456047374338
1389854629584850946
1389855452775780354
1389853955082051584
1389854771834724356
1389855445356003329
1389855440905834501
1389853757513650176
1389855428947873793
1389855425764397061
1389855423386177536
1389855423423995904
1389855423151230980
1389855419963781121
1389855410564308994
1389854843750191106
1389855411746996226
1389855405371625473
1389855406625902594
1389855401974304769
1389855396161019904
1389853887700643842
1389855392084156416
1389855387856351232
1389855390125412352
1389855391086006274
1389855384584654851
1389854080642666497
1389855385499049986
1389855379320840195
1389855377156677634
1389854848057753603
1389855358202654725
1389855356856188932
1389855355010572289
1389855355182612480
1389855341966413830
1389855328351801344
1389855324597747713
1389855324216205313
1389855323830226944
1389855321649160196
1389855308139225088
1389855293752836101
1389855299180191750
1389855285293027328
1389855290066194434
1389855068191526912
1389855284823089154
1389855280582709253
1389855280536723457
1389855268117225472
1389854896648638465
1389855255056330753
1389855257795211265
1389855253043023873
1389855250723508227
1389855249561706496
1389855241693134851
1389855244545404928
1389855224404213764
1389855095186083840
1389855212622524416
1389855210567348227
1389855207064932354
1389855199582322690
1389855200962174977
1389853082792701955
1389853546510704640
1389854150800838658
1389854809877057536
1389855194998005762
1389854881935208449
1389854393072295938
1389855194771505153
1389855187947376647
1389855189029462016
1389855175259705344
1389855169588858880
1389855169987301376
1389855170691956736
1389855155592601600
1389853806721175552
1389854823340773376
1389855156905381888
1389853565104103426
1389854272867684355
1389855151586938881
1389855144209272839
1389855134432169990
1389855131949207553
1389854655891509248
1389854864243634177
1389855133782118402
1389855129608744962
1389855127767556097
1389855122709118981
1389855108347752448
1389854855552913412
1389855103117512708
1389853105248825353
1389854024044666888
1389854415897563138
1389854545681911811
1389855096540966920
1389855096406609920
1389855095848783876
1389855089985265665
1389855093239939072
1389855092094902275
1389855086906540032
1389855079201656833
1389854770316267520
1389855071035281410
1389855075040993280
1389855076479504387
1389855011765592066
1389855074558545920
1389855067977646081
1389855049355075585
1389855050122416129
1389855046418927619
1389855044309184517
1389855039603286017
1389855036503732225
1389855030849703936
1389855025434972167
1389855022670925826
1389855011589472256
1389854991297437696
1389854997211492356
1389854990613712897
1389854982925701123
1389854988747251715
1389854987958816769
1389854976252342272
1389854974625075203
1389854972469145604
1389854241825591300
1389854528288161796
1389854967708602370
1389854963212460032
1389854961882865667
1389854943079636994
1389854879670284289
1389854935685152772
1389854937589460994
1389854926512271361
1389854931008442376
1389853897368379399
1389854917397987328
1389854915728756740
1389854901124149251
1389854550094397441
1389854902730563584
1389854891326132225
1389854893947510787
1389854892664053760
1389854890084560901
1389854892873953281
1389854893117251587
1389854887492702209
1389854885710082049
1389854876717309955
1389854861567696898
1389854693120225280
1389854866642669569
1389854862712524801
1389854195088433154
1389854861697720321
1389854859294388225
1389854008404291584
1389854859818508289
1389854854227664896
1389854850729615362
1389854842613469186
1389854826645757959
1389854820530462721
1389854808081723397
1389854812720750594
1389854810732650497
1389854802092249089
1389854136288559104
1389854793682898948
1389853243073826817
1389853395960442882
1389854793754099713
1389854760396754946
1389854759893585921
1389854753329397763
1389854742646599682
1389854083868073987
1389854737999167489
1389854735771967488
1389854737797898244
1389854737214803968
1389854109033971714
1389854731401576448
1389854730659061760
1389854543593099265
1389854719246471169
1389854720534061062
1389854715815501831
1389854710136508420
1389854709834469377
1389854704402829315
1389854659171454977
1389854695691366401
1389854698245562369
1389854694445568000
1389854688481271808
1389854675806081025
1389854680696557570
1389854672106688512
1389854679132037127
1389854664074489856
1389854669426495489
1389854668373725186
1389854660153028612
1389854648165490691
1389854645867094018
1389854649939755013
1389854638518722562
1389854636631224325
1389854424235905025
1389854616993550343
1389854620038713346
1389854601541668867
1389854604137943042
1389854601982234625
1389854593736085504
1389854599536726019
1389854583967698945
1389854586710724609
1389854579584425988
1389854579378987009
1389854574832496642
1389854577873276931
1389854564904579072
1389854010191106052
1389854419999657987
1389853658024644610
1389853294441476097
1389854337631932416
1389854558801719297
1389854557824421889
1389854258816716800
1389854542750224388
1389854519551401991
1389854401867620352
1389854507836723205
1389854198263545862
1389854514933493761
1389854504229736448
1389854495832563715
1389853727406706688
1389854233688625153
1389854485435060224
1389854472701046786
1389854472600363008
1389854459811958788
1389854451800973312
1389854450857267202
1389854448504033283
1389854443437445121
1389854428706967552
1389854430414053378
1389854429386469379
1389854424563077126
1389854423216623618
1389854403675541505
1389854411762151424
1389854400848359426
1389854382011813888
1389854368829087746
1389854371660374016
1389853974908526592
1389854371530383361
1389854374936162306
1389854365310193665
1389854357521326086
1389854354161774593
1389854353264107528
1389854328463118341
1389854317176233988
1389854285538729986
1389854289955332098
1389854273333202946
1389854272574029824
1389854273736003587
1389854260913922048
1389854255733948416
1389854238075990017
1389854221567250432
1389854221151793153
1389854213467951105
1389853464075902976
1389854212054421508
1389854213379817474
1389854201065377795
1389853694145990658
1389854200776073220
1389854200482435074
1389854179947069441
1389854177132564482
1389853167282573318
1389854167288532992
1389854142265503744
1389854112552996871
1389854104571191299
1389854096471990272
1389854098418176000
1389854093024251909
1389854087068282883
1389854094043406337
1389854076985282564
1389854072493297667
1389854075085365249
1389854057532116995
1389853902095405056
1389853412821544960
1389854052649947140
1389853140162338816
1389853083610583042
1389854037055614979
1389854019489763330
1389854010002210817
1389854010362908677
1389854007997337606
1389854009343709188
1389853696075440133
1389853189327962113
1389854009125744641
1389853860366360576
1389854002318389249
1389854006508351488
1389853999122329603
1389853993057325057
1389853735527010305
1389853986015035394
1389853988036677632
1389853983917887488
1389853972979097601
1389853974237380615
1389853960580837378
1389853945472897025
1389853939642912768
1389853937646329858
1389853930100871168
1389853926166515712
1389853928557268992
1389853915982663684
1389853912656584707
1389853908760096768
1389853907912908801
1389853910819553280
1389853894163927042
1389853896206598144
1389853890607210496
1389853891483869187
1389853886026960905
1389853868310343680
1389853866380828675
1389853221871521794
1389853866527641600
1389853862786338816
1389853851767951366
1389853838144770048
1389853825100652547
1389853823951310859
1389853800496726017
1389853801855791106
1389853794087751680
1389853778824744966
1389853775024640003
1389853766946484230
1389853424758497282
1389853761049436162
1389853741956878337
1389853744054030338
1389853736370163712
1389853735707365376
1389853733648048128
1389853726983299072
1389853730984665092
1389853726555348997
1389853718762246147
1389853720406593536
1389846075909885955
1389845939167268865
1389847978228162564
1389849955842420736
1389850694757142532
1389851512478650369
1389850535612665857
1389851780897394688
1389846365606334464
1389848332839788545
1389847506507370496
1389848472807829507
1389849168324096004
1389849611041263619
1389851386842476547
1389846813763465216
1389845697260711939
1389851096181473281
1389846933884182531
1389851776145231873
1389845926710284289
1389849005459492866
1389851773196713988
1389851767043657728
1389851764908642307
1389850175015833604
1389851303698784256
1389851762354384900
1389851762841034752
1389851757136777216
1389851759129075713
1389851358560464897
1389851758852182016
1389851754712420359
1389851751399010304
1389848325126492160
1389849183239147522
1389849085818163200
1389851053890363397
1389851749528215553
1389851743371022340
1389851746646769664
1389851745296084993
1389851744058761221
1389851741299093507
1389851739977699330
1389851740929859586
1389851737037606917
1389847158153793542
1389850162311348226
1389848818611544065
1389847782886985729
1389851732591747074
1389851286737231875
1389851725704704000
1389851726912446465
1389851716691050497
1389851056855732224
1389851491381489667
1389850792127975424
1389851720507793412
1389851214548914179
1389851715894140929
1389851207976591361
1389851715252285440
1389851710097612804
1389851703017558020
1389851705680879617
1389851700199051266
1389851700190580740
1389851699498700802
1389851699855171587
1389851692213080064
1389851687167217669
1389851687196704768
1389849168794030082
1389848459168079874
1389849013827014656
1389848582795190274
1389848390167666690
1389848885208698881
1389848492286386177
1389848971242266626
1389848718971650058
1389849145616252928
1389848830309552128
1389848658791837696
1389849110266716166
1389851673670127616
1389851668498501641
1389851663922499585
1389851664996347904
1389851648944705537
1389851645769502725
1389845638515331072
1389848291550978053
1389848891047120896
1389849719313092609
1389846490701389825
1389850825401327625
1389849075458076672
1389846033291567106
1389851134752280580
1389851235063267333
1389847558126665730
1389850464645042181
1389851641629736961
1389849956194807811
1389850301809582081
1389847026062426112
1389847715316596737
1389847188407144451
1389851639662665729
1389850343094333442
1389851397617852416
1389850736952070145
1389851065621925891
1389850577492971521
1389849752209133570
1389850415190188034
1389850880808194053
1389851639310282755
1389851644368670720
1389850124327735298
1389851631076843522
1389851631899054084
1389851628761538564
1389850740743671808
1389850650842906624
1389850794216894466
1389850490566070272
1389850498254217218
1389851441175699458
1389850564247179265
1389851312364339200
1389851622289854464
1389850441920483333
1389851195779452928
1389851624449789954
1389848372836769794
1389851614253621248
1389851608033366016
1389846638668115971
1389849786174435329
1389849883880919046
1389850212554854401
1389851609618780162
1389848436757778434
1389851165093810180
1389849828096499713
1389850382294126595
1389847100913950723
1389851043186438144
1389848209439088642
1389847526740619264
1389848939172569095
1389850856472776704
1389851600542330881
1389849941154009092
1389849196488912897
1389850925393604612
1389846973260263425
1389847318757724161
1389846763352117251
1389845627048239105
1389845556038717440
1389850900362141696
1389851603268685825
1389851603704762369
1389851603528732672
1389847467278094336
1389851598663286786
1389851593902858241
1389848397956493315
1389845723005456387
1389851586722160642
1389851007392305152
1389848768850366465
1389848043650945024
1389851574848131073
1389851562319630343
1389851564668383234
1389846211457212416
1389851567063396357
1389850110079602691
1389851090166829057
1389851555030093824
1389848669789343749
1389851559664685061
1389850427856916482
1389851558284759042
1389851552634966017
1389851552626528256
1389850827217539072
1389851363270488068
1389849244584927233
1389850963305844736
1389851544510554112
1389849184967168000
1389850582265909248
1389849516795301888
1389851546385534981
1389851540383420417
1389851542136758272
1389850287460945920
1389851536617058305
1389851535358795776
1389847562207760389
1389851535727861761
1389848069773185028
1389851527066574849
1389848897451929600
1389851528006144000
1389848578286292995
1389847922662117377
1389851518350893056
1389851032189079555
1389848789687672835
1389851515993485315
1389851500361379840
1389851502303350785
1389851498423615491
1389851495290613760
1389851494200004610
1389851488218800130
1389851483227754499
1389851171259564032
1389851482527309826
1389851480920895491
1389851472511311875
1389851460897165316
1389851284136546310
1389851461656276994
1389851461006381057
1389851464206626816
1389850133060374528
1389848592257536011
1389851189655834628
1389847031347355650
1389851254659063810
1389851461232697348
1389851458393231365
1389847306703458307
1389846863843627008
1389845546282651648
1389851058315448323
1389848142124929031
1389848674788855809
1389846485735460864
1389849671619723267
1389847781922250752
1389846197934993414
1389851456778510339
1389849894618284032
1389851455738220547
1389851450138939394
1389851447534096388
1389851447106342914
1389851433768427525
1389851437673418753
1389847842483703813
1389851436817653762
1389849841530933248
1389851062438227970
1389851440840069120
1389848531804905476
1389851439481036801
1389850622132772869
1389851343540523009
1389850997384646662
1389851432648527874
1389851421416189954
1389851415594606593
1389850232805105665
1389848005575155712
1389846190641094658
1389851412687896578
1389846095975657474
1389849310108393476
1389851404374843393
1389848072339951616
1389845535243128836
1389847629484408836
1389849870849257472
1389851400247472128
1389851391926181891
1389851384682455041
1389850979705622528
1389851380307922945
1389851375798865920
1389851189018169345
1389851372930093059
1389851370161852417
1389851362876399617
1389850943009722372
1389851363379752962
1389851354298949632
1389851359374151682
1389851046051291137
1389849716192645120
1389849430623465473
1389849870970900480
1389851358199795713
1389851351018983424
1389851348414435333
1389851351254020098
1389850767520108545
1389851344253554688
1389851344207548417
1389851341682397185
1389851338603909122
1389851336833966087
1389851333906161664
1389849544582701057
1389851325463097347
1389851328382488576
1389851234778193921
1389851328352948224
1389845826239975425
1389851331284852737
1389851323860914177
1389851319058505732
1389851316651020288
1389851313685426177
1389851127932325890
1389850197044330499
1389851309537304579
1389851307796742145
1389849428786286592
1389846702635560960
1389845841335263234
1389851308753031170
1389850480717844483
1389850643632848897
1389851305078792192
1389851298028208130
1389850632756944897
1389851296119758849
1389851299382956036
1389849455889944582
1389849283667636225
1389849428933189634
1389850841063071751
1389848923435581448
1389849151786082304
1389851296656732160
1389848041855856641
1389848889226932224
1389847862268334080
1389849980341424134
1389851293036986373
1389851292332351488
1389848717532930048
1389851282026889218
1389845673760100354
1389849570331402241
1389851010462490631
1389849172342284290
1389847154055733250
1389851281775202307
1389851278545592326
1389851184484155392
1389851280663662598
1389849084836474882
1389850730115129345
1389845666122276866
1389850949871489026
1389851273550200834
1389850517657038848
1389851269276348425
1389850305647595520
1389851005978771458
1389851262439411714
1389850989797150729
1389851264113156096
1389851262804389891
1389851250376675331
1389850230384889857
1389851251530211328
1389849855883890688
1389851252759072769
1389851250624139266
1389851243321991170
1389850578440888320
1389845640381874178
1389851245154820098
1389845949359460352
1389847369706098688
1389850429618638856
1389850577878781953
1389847369806659586
1389845949506260995
1389845640205721600
1389850429362774017
1389851245389783047
1389850450585784321
1389851243170852865
1389851172010446850
1389851248350965760
1389851244416667648
1389851235818385408
1389851231309291523
1389851233171693568
1389851228419592195
1389847020060307460
1389850878442496001
1389846333830221826
1389851228159365122
1389846079693225984
1389846617184866307
1389851216423710723
1389851219011596291
1389847434465927170
1389849944798941184
1389847222284660738
1389847153401638918
1389851220005769220
1389848636176093186
1389848275562467329
1389850752177352706
1389848945548005378
1389847561868136448
1389849860099264516
1389851211873112064
1389851204436389888
1389851206005280770
1389851201429151747
1389851199197831168
1389846635174375425
1389845667871330304
1389849195620802566
1389851197486637057
1389851198740652034
1389847136108519424
1389851196718911488
1389846838333698053
1389851197641797636
1389851190800830465
1389846099259654144
1389846392017809408
1389848664068165643
1389847867402047492
1389847215632306176
1389851192679813124
1389849117912825857
1389850851158552580
1389849867690803203
1389847422000504832
1389851178821898242
1389851037033500677
1389851179127951361
1389851176544444416
1389851167778230274
1389850622493483010
1389851174518538240
1389850789422661632
1389851167635632130
1389846470300340230
1389851160794722305
1389850723890860035
1389851165924511744
1389846782360768513
1389846068037226501
1389851158362025986
1389850296625483777
1389851147536506883
1389851150615252994
1389849255158763522
1389851132374228995
1389848007441584131
1389851133166997507
1389851131094781955
1389848596518899712
1389848599333269510
1389851120911089671
1389850028735275008
1389851122727227393
1389851114850430978
1389845579753160705
1389851118423789568
1389845577978896386
1389851116645457926
1389849099411755009
1389848836881932291
1389848184097316864
1389851100954730498
1389849118957359105
1389848561546846208
1389849624110845954
1389850417887158274
1389851098492538887
1389851096546480128
1389849556217643013
1389848682065956864
1389851100698849284
1389851094843490315
1389851084127150083
1389851064606748672
1389851057438691330
1389850691380801539
1389850479132172294
1389850913116876802
1389851034529394691
1389848442994716672
1389850360941006849
1389851039713665024
1389851037419196416
1389851024949534720
1389851025696305158
1389851020033994754
1389851018935128065
1389851019362934785
1389846462239023105
1389851013562175493
1389850772083384321
1389851015353028616
1389851011355844609
1389851008906366976
1389850999385427969
1389845992812552192
1389846524528574464
1389847291985551362
1389845559268323328
1389845701220315136
1389847441277702147
1389851007199453184
1389846899172204546
1389845779376975874
1389845897878679553
1389846333809377281
1389846620003577858
1389846719672852482
1389846841467064323
1389846274749440000
1389845645092081666
1389846074572087298
1389850992884158465
1389850998282362889
1389850780170129408
1389850990711541762
1389848443498090499
1389850989503541250
1389850991126790151
1389850974873784320
1389850971803631616
1389850969173741571
1389850973691121666
1389850971778473986
1389850969958199296
1389850959937933314
1389850949867294721
1389849976092516357
1389850933488611331
1389850941948678145
1389850553652371466
1389850933421432833
1389850924382818304
1389850585722245120
1389850928090583040
1389850921249624065
1389850812533428226
1389849985341140995
1389850919769104386
1389850915570692096
1389850907622346756
1389848708804530178
1389850644840783874
1389850126747725828
1389850910570991616
1389850915251785729
1389846479427223552
1389850901809147905
1389845931483348996
1389850906334744579
1389850904615002114
1389850899657510916
1389849054948077569
1389849275773882368
1389847313233940480
1389849115857723392
1389847390660800514
1389850739661582336
1389848478495412228
1389850842405261313
1389850648942768128
1389850896314499074
1389848198882074624
1389847657854558209
1389847556633419781
1389847692671537152
1389845945555341315
1389845763589656576
1389845885203386369
1389850888060260354
1389850883626704900
1389850876496556034
1389850877859557377
1389850871693856770
1389850872650375168
1389850870796410881
1389845683734200323
1389850872000172035
1389846105098162181
1389848943991967744
1389850863674400774
1389848212438126592
1389847784040419329
1389847232837570565
1389850586078720002
1389848141558657024
1389846566274543616
1389850864920276993
1389847460596563969
1389847004285636609
1389850181827497986
1389846410485448706
1389846761301323777
1389850438531493900
1389846221414666241
1389848158595915779
1389850858440036352
1389850864915861506
1389850859735961605
1389850862110003209
1389850861627654150
1389850862088974336
1389850852932812801
1389850846217789440
1389850835589423104
1389850826705838082
1389850833819340805
1389848551799283713
1389850836327702529
1389850824679903234
1389850822243201029
1389850815385505794
1389846191307956227
1389846160957902848
1389848873242333187
1389850391605559296
1389846144847581184
1389850817721737216
1389846176887971841
1389846152930119684
1389846169224876033
1389846184844570624
1389850817293950976
1389850793595994115
1389845579979689984
1389850783986892800
1389850784200859648
1389850787841331200
1389850775480938498
1389850774277079042
1389850770753966083
1389850759068483586
1389850757776613376
1389850742962282497
1389850756560285702
1389850754064678917
1389850751862812672
1389850743197159429
1389846638424899584
1389850741137973249
1389849769363705857
1389850733076312071
1389850718618615808
1389846771589812224
1389850721030336512
1389850719138717707
1389850622455730182
1389847451176157188
1389850708812386309
1389849606461304832
1389850711920361478
1389850333900263431
1389850704823480320
1389850081377984521
1389850697294917634
1389850702424408065
1389850687714971652
1389850682728095745
1389850538225938433
1389846018917904387
1389850679368355841
1389846865030664195
1389846678786777090
1389850670136631301
1389849402869571587
1389848414528049153
1389850667171270659
1389848581109022724
1389850653363564544
1389850657113378820
1389850647240093699
1389850646254338049
1389850640306917376
1389850639925006339
1389850632660586498
1389850098604064768
1389850634640318467
1389850634665431040
1389850626079694852
1389850627912519683
1389850627140997121
1389848867391348738
1389848228041043968
1389850626968936449
1389850611802415104
1389850608258088960
1389850597759803393
1389850605397630977
1389850595281051652
1389850595150819331
1389850427718389765
1389850592630034434
1389850578453352449
1389850581930549248
1389846343670276096
1389850582861635584
1389849915153657856
1389847515105746944
1389846529721122820
1389848554445869062
1389847481060663301
1389850581003603969
1389846683761233920
1389846442462916612
1389848106401996804
1389846995007938560
1389850583541207040
1389845882070257667
1389846598704844800
1389846010080358408
1389850567564951554
1389850566701064193
1389850553719549958
1389850132183621634
1389850562242531328
1389850551072985088
1389850547130404864
1389850543846264832
1389845711890563074
1389850545867923456
1389847194673553411
1389849468233605126
1389849913308053509
1389850551261663234
1389850541526638593
1389850539396145154
1389850531284152320
1389850540490776576
1389850532047736834
1389850523172581380
1389849294853885956
1389845604201795585
1389850523264761856
1389847538207969283
1389848512276443136
1389849708894384131
1389850513282240513
1389850506168651778
1389850509373177860
1389850502234529794
1389850492419731458
1389850481812393988
1389848800890540037
1389850480365379585
1389845777841745921
1389850471418925060
1389850471368732672
1389850462367621126
1389850171220144128
1389846493775990790
1389848799607144448
1389847613848031233
1389846137054576640
1389850463701450753
1389846342785196032
1389848205072998401
1389850466591264774
1389850446681059331
1389850443497488385
1389850443396878339
1389850437801496579
1389848883866570753
1389849437539868674
1389849327011512323
1389850441064792065
1389848622838263811
1389850267659554816
1389847741849767938
1389849859994226691
1389850439223414788
1389850436170133505
1389845857969790978
1389846717454032896
1389847015723606017
1389847769481891842
1389850434634883078
1389850429429846017
1389850422001770498
1389850420919504903
1389850417870245892
1389850399994228738
1389850400027660291
1389850393958621185
1389850391790096384
1389849658105675779
1389850389713805315
1389850386123661312
1389845496106299393
1389850378787860484
1389850380498993155
1389850057629863938
1389850378787713028
1389850383342702602
1389850380708814848
1389850381388107779
1389850372542541824
1389846635321208833
1389849269163724800
1389849619421597696
1389850367203188749
1389850360651583489
1389850356537036801
1389849410985762816
1389849173449748481
1389850346500116482
1389848549114974208
1389850350367223808
1389848247515205637
1389849282417733633
1389850351134597122
1389850336840622080
1389847154802495489
1389850317701931014
1389850311628558339
1389850307983708161
1389846115944648709
1389847150071275521
1389850300513669120
1389850302787031044
1389850302401159171
1389846206248009729
1389849146002223104
1389850295203663872
1389850287565942787
1389849257872609281
1389850282671153155
1389848960316084225
1389846208546549760
1389850275574394881
1389850277067464704
1389850265822580736
1389850030786351110
1389848324333875200
1389846197024722944
1389850268444119043
1389850263347888130
1389849429453193217
1389850259694751744
1389850253977956353
1389850259157880835
1389850258868510722
1389848011577217024
1389850248936366080
1389849151576416258
1389849945176526852
1389850233270677506
1389849776615608326
1389850216765874178
1389850215574867970
1389850218129072134
1389850213620215811
1389850201695784966
1389850201884487681
1389845738138578945
1389850197228982273
1389850197254148099
1389850191650385920
1389846580761698306
1389848402595307520
1389848151272603650
1389849975891263493
1389850184469843968
1389850179717582855
1389850182922039300
1389850173682044928
1389850160029519872
1389850161199808513
1389850161212317704
1389846998426210309
1389849154915078144
1389850155403390979
1389847941159038977
1389848342386126853
1389850148361043968
1389849269755158528
1389848559332347906
1389847458927218691
1389849815354335234
1389850148298235904
1389846230386286596
1389846620557221890
1389849307956846593
1389850146113003523
1389847486123200515
1389850143642439689
1389850117340114945
1389850114034970624
1389850111958818817
1389850114160828417
1389848310962393094
1389850114785742849
1389846593860345856
1389846598771900418
1389850114508746753
1389850112826937345
1389850112633888775
1389850112436867073
1389850106699173894
1389850106862751745
1389848603053625347
1389850108993302530
1389849604032659456
1389845583465115649
1389845582517129216
1389849103006269441
1389850102055903234
1389845661202345987
1389850032744984576
1389848745332723712
1389845561143042052
1389850088042754049
1389848794875895809
1389848716303998978
1389845802068025354
1389849405386223619
1389849317439983617
1389850089275994116
1389850086117724161
1389850081029935106
1389850072372940805
1389850077477306368
1389850070447702021
1389848575098638337
1389847761483358208
1389846735640580097
1389850052441657346
1389846288573808641
1389850057344684032
1389850050809978885
1389850044233179136
1389849624911892484
1389850045957251074
1389850039921430531
1389846116414353410
1389850033986670594
1389850034171269122
1389846445688188931
1389847204790104064
1389846002383802369
1389850033097306119
1389850028034994176
1389850020850008064
1389850022582243329
1389850015292665856
1389850010062401539
1389849996359610372
1389850000432246786
1389849992827871236
1389849987626930179
1389849979389235205
1389849678590595078
1389846381041389568
1389846777935794177
1389846050584727553
1389846687850528769
1389848373293830144
1389849974645477380
1389846116028469252
1389849964067524609
1389846430353825792
1389846038995902464
1389849964717789186
1389849960779186177
1389849946711601152
1389849380883161088
1389847910876164096
1389849643752824838
1389848470178127872
1389849946929696770
1389845958381510659
1389846095568719874
1389849889153208320
1389845784917680129
1389849440739938304
1389847028306366469
1389849948846379013
1389846373491625984
1389849949655814145
1389848697639297037
1389849280383356932
1389846076270669827
1389849944119463938
1389848310652018695
1389849930634719236
1389849929703575554
1389849527385956352
1389849931716780036
1389849938415153153
1389849925718986753
1389849913639452672
1389849915342266368
1389849335194599426
1389849909390725120
1389849904034373633
1389849159298011137
1389849908623159297
1389849900397985797
1389849900427485186
1389849895666921477
1389849892642869248
1389849892944846848
1389849885877444612
1389848009777635338
1389848308634423297
1389849889056587776
1389849884858195968
1389849881796300802
1389847223903694857
1389846977073057792
1389849883453140995
1389849880781197312
1389849867133071363
1389847338961747968
1389849856278204420
1389849853530984448
1389848595122298881
1389849847096909825
1389849846870204416
1389849836342546435
1389846141416607746
1389849843229544448
1389849826448351232
1389849818529366026
1389849812305158147
1389849812942540801
1389849327753859073
1389848769571655681
1389849808324730883
1389849809545203712
1389849809511763969
1389848758532386818
1389849800619675650
1389849795523608581
1389849253443297282
1389849141455450115
1389849611045466115
1389848934504308737
1389849023855566849
1389849794999242755
1389849761172267013
1389849416417177602
1389849502589227009
1389849798317166593
1389849785524494340
1389849787231608832
1389846079655534593
1389847947932798977
1389849779375587328
1389849768231268355
1389849758332768257
1389849760094294021
1389849758064316416
1389849764079017984
1389849220551782401
1389847640834183168
1389846238137257986
1389849749910556674
1389849747746287616
1389849746030878721
1389849740255408129
1389849745116389379
1389849732776820737
1389849733061955585
1389849730776064000
1389849724081999873
1389849727441637376
1389849712816054273
1389849714267463681
1389848394936602625
1389849688187101185
1389847104999366659
1389848791294021633
1389848235586510850
1389849690632491012
1389849693333561345
1389849693908357120
1389849685502750726
1389848520035766274
1389849327175049216
1389849678884208644
1389849661062533124
1389848131840487424
1389847638854471684
1389846765101277185
1389849668977319939
1389849655098449921
1389849659816910852
1389849652581830656
1389848527052976130
1389849637373284358
1389846072978296832
1389848428826484736
1389847182279335936
1389847132954415104
1389849639076212736
1389849253720231937
1389849635150196737
1389849632688193536
1389847475289305088
1389848545042305027
1389848857350217733
1389848200060809218
1389846894273253376
1389849633875132419
1389849622693093381
1389849619518029825
1389849610433167362
1389849610060013570
1389848203491782656
1389849540287729665
1389849130361630720
1389849607992078339
1389849602380242945
1389849589411352580
1389849581895266307
1389849499372331009
1389849587091853313
1389849579097571331
1389849558637694983
1389849562001649666
1389849553902313473
1389849552019144705
1389849544188469249
1389847729745104897
1389849540614840324
1389846775557730305
1389846934026919937
1389845662666272770
1389846865341042688
1389846659572633601
1389849529147666435
1389849463737487362
1389849521966944258
1389849524298989568
1389846974699089921
1389847321031200775
1389846974501957632
1389849517168775170
1389849509514072065
1389849507953795075
1389849503621017600
1389847621557100544
1389848158478376961
1389849494099881988
1389847973907951618
1389849439959883779
1389849476508966912
1389849052465049601
1389846507600367618
1389849485887614976
1389849250209705984
1389849481903017984
1389849479390584832
1389849472000303104
1389849397626818560
1389849455533301767
1389849448323428352
1389849446830116864
1389847860146057220
1389849438835855362
1389849436059144192
1389849419982413826
1389849405046632448
1389849396079177730
1389849394862645251
1389849178633752578
1389849391444369408
1389849388642623490
1389849384041517061
1389849390810943493
1389845951003586560
1389849372142182400
1389848455917588483
1389849380262383618
1389849375032086531
1389847986147037185
1389849368459677696
1389849367352328192
1389849353028841473
1389849348456910851
1389849349480456193
1389848792413966337
1389849337476288515
1389846734612877312
1389848491841699840
1389847534105939969
1389849332631879685
1389849291993149440
1389849336180355075
1389849325916856320
1389849305176027136
1389849301657001985
1389849308833349644
1389849301342380035
1389849277887746048
1389849274683256837
1389849277527064584
1389846810978627588
1389849269641875458
1389849060933255174
1389846043169280000
1389849267850842112
1389849250201227264
1389849253867106304
1389849035964444680
1389849239082045444
1389849245801402369
1389849243813306370
1389849237513515011
1389849217032724480
1389849224129433602
1389848637115670531
1389849226885189632
1389846116217368577
1389845882456223745
1389849212490326017
1389849203912974336
1389849205523447810
1389847556218314752
1389847651374534659
1389849192177229824
1389847612187201537
1389849191212470275
1389849187823407104
1389849173487349763
1389849174431121408
1389849172166299648
1389849173277560833
1389849169087565829
1389848032951296000
1389848334920204290
1389849001630081026
1389845582693511169
1389849166042513411
1389849166155853825
1389849161386897408
1389849144152391685
1389848341689749507
1389847700875759617
1389849131640840192
1389848001204604929
1389847272893128706
1389849125341040643
1389849124644737026
1389847754776752128
1389849127501144066
1389849126142025735
1389849121218039811
1389849120144195584
1389849118730821634
1389849117552267264
1389849119406034944
1389845947396542466
1389849118596493313
1389849113592844291
1389846185603645451
1389849113747857412
1389849104092700672
1389849104306499589
1389849098765971456
1389849098103115777
1389849086036111361
1389849081069985798
1389845876307206145
1389849079539175424
1389849078276755457
1389849062090891265
1389849055719739394
1389846924174532610
1389849054247542785
1389849048291610629
1389849043262652416
1389847673663070208
1389849042285305856
1389848867265400832
1389849037784764417
1389849011826282497
1389849015894765569
1389845740088750080
1389849012489052160
1389849015982903298
1389849015466876931
1389849001982189571
1389849003328774144
1389848993006596101
1389848992444465154
1389848990473068546
1389848976183152640
1389848973301649414
1389848965756030976
1389848970101395457
1389848511785709570
1389848964543942658
1389848960861413376
1389848963013124096
1389848470861893635
1389848482333089793
1389848949633191936
1389848572435308545
1389848094536241152
1389848021228208129
1389848398585544706
1389847873500721155
1389847989808676864
1389848950031765508
1389848951382228992
1389848943341625346
1389848944528609280
1389848938782547971
1389848941169037314
1389848925977419776
1389848926358888452
1389848923884298244
1389848901029699587
1389848851222302720
1389847397266755590
1389847924641869830
1389846418354053121
1389848890476793856
1389846106574659587
1389847491001077763
1389848888476057600
1389848889134522370
1389848881261735938
1389848873074577410
1389848869383585794
1389848861603241985
1389848861687046149
1389848858809806848
1389848856049840132
1389848856867876864
1389848666131898373
1389848833807499266
1389848826555535361
1389848826639523843
1389848184185409536
1389848826253516800
1389848818007502848
1389848441593810944
1389848811397210113
1389848804036268032
1389848797165998081
1389848587534684170
1389848792040497153
1389848160206409729
1389848787267379200
1389848778467774470
1389848771685756929
1389848768598654976
1389848767831044101
1389848771987714048
1389848756368072706
1389848747824226305
1389848742904287234
1389848743575494656
1389848735765516292
1389848286656225281
1389846119136387074
1389848122969395200
1389848735493070848
1389848736533151746
1389847151828684802
1389848725519052803
1389848722335469570
1389848720263553030
1389848716496932868
1389848712445317121
1389848712856358916
1389848716073324547
1389848237130006530
1389848707894480896
1389848490143014913
1389848704455225352
1389848708796145666
1389848205412560897
1389848698046218243
1389847953381097475
1389848699484794881
1389848690962190336
1389848690047610885
1389848695223488513
1389847229876162561
1389848683676528641
1389848688130871305
1389848265928056834
1389846669848571909
1389847677488164868
1389848683223470084
1389846166414655490
1389848669034356736
1389847235626741760
1389848659320139777
1389848651900624896
1389848648486330371
1389848644564652032
1389846296832487426
1389847280770035712
1389848639724572673
1389846351647756291
1389845831944114183
1389848641427308545
1389848634955608068
1389846641688121346
1389848615653416963
1389848615364014086
1389848609013702656
1389848606916685826
1389848604882444290
1389848602936152064
1389848603649323008
1389848601103327232
1389848594145030144
1389847945567252484
1389848139297968128
1389848599438233600
1389848599731843072
1389848598054150145
1389848589958934529
1389845562648784897
1389846580417548289
1389848575689912322
1389848573898936320
1389848563769806852
1389848558262571009
1389848544031477762
1389848544081846272
1389848541020008450
1389848535907061762
1389848536062308352
1389848520807522305
1389848517972271104
1389848519847055361
1389848497499877376
1389848407553069059
1389848505196457985
1389848488314236932
1389848481536356355
1389846965500973058
1389848472950562816
1389848467527372801
1389848462691160068
1389848461626023938
1389848456076742658
1389848436799774729
1389848440792813570
1389848432655822849
1389848427492569089
1389848420421181440
1389848425986940932
1389848419582152708
1389848414112862209
1389848414691553282
1389845514275811332
1389848405229195265
1389848395762737152
1389848387919302657
1389846125763432450
1389848261750530054
1389848379354533889
1389848379195203587
1389847628678983687
1389848375760101378
1389848376120946688
1389848364590637058
1389848366406717441
1389848259854700547
1389848369057570816
1389848355337957383
1389848359645634561
1389847647016546306
1389848360803135492
1389847243075866627
1389847725097750530
1389848348463599618
1389848343417925632
1389848334333091847
1389848120570286081
1389848080841904128
1389848340729417729
1389848318927384581
1389848322081501184
1389848316394065920
1389848312266641409
1389846472779198465
1389846849993928704
1389846970349486080
1389848309020364803
1389848312916942849
1389848315265650689
1389848310207459329
1389848310492672004
1389848307980136448
1389848305966927873
1389846321779994627
1389848288208113664
1389848282579431424
1389848276174708736
1389847988307062784
1389848277420584962
1389848276162154502
1389848282134982658
1389848264552239112
1389848266028716035
1389848257593942020
1389848260089688064
1389848258462326785
1389848246151905281
1389847257273487360
1389848245858361345
1389848246294568961
1389848234772811777
1389848221644517381
1389848222559002624
1389848218557632513
1389847995722739713
1389848209506422786
1389848209963556866
1389848214476578823
1389847813849296896
1389846034763993089
1389848216401813514
1389848199012175874
1389848204443852801
1389848190606880769
1389848128229101570
1389848180989337600
1389848175410749446
1389848159115833349
1389848150878289929
1389846852485492736
1389847994523136002
1389848146805592064
1389848066539282433
1389848141613174795
1389848135099322374
1389848125695664132
1389848123934232578
1389846613267517441
1389847894283464706
1389845540381380610
1389846398380744706
1389846973965086725
1389847482327347203
1389845869726519297
1389846797036756993
1389847067963633664
1389848108499099649
1389848110562791424
1389848115570749446
1389848070414868480
1389848116267003906
1389848103784632322
1389847848074858497
1389848105865056261
1389848105080786944
1389848098420137985
1389848101641412609
1389848097254256641
1389848102488653826
1389848101804855298
1389848107484024836
1389847177002848258
1389848096348131328
1389848086944624641
1389848077427789824
1389848083031236610
1389848076785885184
1389848075598921730
1389848073992507392
1389848070062583808
1389848058922291203
1389845545565495297
1389848041809661953
1389846487329382401
1389848038101848069
1389848037422297089
1389847795394306048
1389847004432543746
1389848030686371842
1389847060099354625
1389845888441278464
1389848011635789826
1389847984444166145
1389847986490970117
1389847986361053185
1389847977892532225
1389846196630478851
1389847958435205120
1389847966580547584
1389847961492918272
1389847770606063617
1389847958984794114
1389847966601650178
1389847855657938947
1389847950382170113
1389847953381027842
1389846977748238336
1389846205455163395
1389847954425405448
1389846039390162947
1389847157218299905
1389847940387196928
1389847930945769476
1389847926084562944
1389847929121394688
1389847927632404480
1389847929029074948
1389847628721045504
1389847926294421506
1389847916647436288
1389847892647575554
1389847887660552195
1389847880031158272
1389847878139580416
1389847881226592256
1389847874104479750
1389847871411957761
1389847863501459457
1389847856601731075
1389847851426004997
1389847856190607367
1389847836657950721
1389847114969239552
1389847836037062664
1389847822887907330
1389847824272007171
1389847825177923586
1389847821956784128
1389847818290958343
1389847809625526282
1389847807494819841
1389847807763353602
1389847803204153345
1389847804672024577
1389847796375752705
1389847786129006601
1389847142231994370
1389847780210794518
1389847782819696643
1389847783616745474
1389846580958748672
1389846380387131394
1389847776209653762
1389847771738349571
1389847699134898177
1389847722916683776
1389847720182099969
1389847713156583425
1389846316558262273
1389847708890918913
1389847708936990723
1389847107595509765
1389847711512465410
1389847706429018115
1389847701924335617
1389847673864216576
1389847664628584449
1389847656256753664
1389846628333342720
1389847652393635841
1389847649168232449
1389847647259869185
1389847642092548100
1389847325082886147
1389847642688180226
1389847635645722629
1389847629312450563
1389847600468271106
1389847606772252672
1389845542222667783
1389847042927718405
1389847402371194886
1389847594386411524
1389846900518449152
1389847286843277312
1389847598098485250
1389847590322196481
1389847588728279046
1389847588619251714
1389847584836132866
1389847582281650177
1389847567819841536
1389846668703682562
1389846186773913600
1389847567996014594
1389847561473728515
1389846402130317312
1389846828263247873
1389847554876067844
1389847550111502337
1389847551889887233
1389846401484472323
1389847243662893056
1389846815357521920
1389847531614609408
1389847523213328386
1389847515256606723
1389847514099109888
1389847511393841154
1389847505261662210
1389847502946324482
1389847494801117190
1389845997283598339
1389847499184222210
1389847486852784128
1389847476337840131
1389847475717038086
1389847473418645510
1389847466158161921
1389845524623286272
1389847469287165953
1389845538087051266
1389847455664152577
1389847454388932610
1389847458243567617
1389847450438053888
1389845863946723329
1389847449477566465
1389847450152685574
1389847441948696578
1389847435552362497
1389847428560396288
1389845977880662022
1389847422956969984
1389847190240116737
1389846814636007424
1389847422541647872
1389847424588464130
1389847409015021575
1389847405995118594
1389847404443316225
1389847410843824128
1389847396939616259
1389847396578848769
1389845872029143041
1389847393487761410
1389847394221649923
1389847388131520520
1389847391185117185
1389847389276540929
1389847384750923776
1389847391876964360
1389847380078567426
1389847379898077187
1389847378052661248
1389847369999699968
1389847367340470273
1389847364219797505
1389847363175403521
1389847359354408962
1389847353285357569
1389847350076743681
1389846866410590209
1389847342329827333
1389847330929582081
1389847331189755904
1389847337783209985
1389846625397342214
1389847332368257027
1389847326492086277
1389845829398130693
1389847314831790081
1389847298201509890
1389847301389099008
1389846822982586369
1389847296200876033
1389847296783785989
1389847294409912321
1389847291704582146
1389847294950793222
1389847280472231936
1389847278156800001
1389847272532312066
1389847264634486784
1389845999733153794
1389846930633732097
1389846505868218368
1389847268858245122
1389847259257315329
1389847262918975490
1389847253381263361
1389847257613148169
1389847251791585281
1389847247538450435
1389847232250273795
1389847228974518273
1389847230509633538
1389847222846697475
1389847220803891201
1389847210397868035
1389847211526086656
1389847203645173760
1389846064300167170
1389846958139916293
1389846991732084736
1389847205528412160
1389846532694839300
1389847194409213955
1389846262661275649
1389847199689940992
1389845677874814977
1389846322916777984
1389847120123944965
1389847199798923264
1389847184661639168
1389847171797684226
1389845757184851968
1389846645806862339
1389847169633378304
1389847164621295616
1389847160959737856
1389847160510951426
1389847162238889984
1389845815615803393
1389847153288392704
1389845547897475072
1389846204373245953
1389847145843408896
1389847146598309891
1389846731106394112
1389847150494851072
1389847149320441857
1389847142517280768
1389847129187921920
1389847136112611333
1389847115195617285
1389847112616194049
1389846580400836608
1389847106383323137
1389847098221338626
1389847096895889412
1389847093032800263
1389847085881520133
1389846488637968384
1389846882562854913
1389847085747294209
1389847083574874113
1389847071285411844
1389845783076290560
1389847057238839296
1389847059264466947
1389847044836179968
1389847048825057280
1389847047503765510
1389847034069327872
1389847022094663680
1389847013978775552
1389847012514754563
1389847006563160070
1389847011713716224
1389846476797349891
1389847007909449729
1389845556088885252
1389846981900750849
1389846983246942208
1389846084315275266
1389846969925783552
1389846977051906048
1389846965198802944
1389846963265417216
1389846811830104064
1389846954293796864
1389846949193416705
1389846939475357696
1389846939278135296
1389846943589928960
1389846934555435010
1389846926523133952
1389846918512189442
1389846924166062081
1389846625892257796
1389846909351723008
1389846900497657857
1389846903215513600
1389846892964626432
1389846884722913286
1389846875721719809
1389846880578768898
1389846874094505984
1389846875147284482
1389846859758321669
1389846855337398280
1389846844545671173
1389845709835341824
1389846828338716675
1389846831635521537
1389846830654103552
1389846829404196864
1389846818700288001
1389846810651361281
1389846790082502657
1389846788140507144
1389846754942590980
1389846780355829762
1389846767219331078
1389846757996105729
1389846750677065729
1389846752405065728
1389846749875867648
1389846745992007682
1389846749666168835
1389845660657061893
1389846548322951170
1389846678396669952
1389846742439444482
1389846725398089734
1389846714182291457
1389846708109012996
1389846696717295617
1389846691969384451
1389846689264115716
1389846672746762243
1389846070855827456
1389846675137601538
1389846670590898179
1389846668384874496
1389846665893396480
1389846648579297281
1389846641457332227
1389846639834062868
1389846630518562824
1389846423944892419
1389845514552754177
1389846624227102721
1389846617348395008
1389846617138810880
1389845544336609282
1389845735147978755
1389846591234838530
1389846595173244928
1389845574241902595
1389846224241668097
1389846400565927937
1389846590614085632
1389846586948206597
1389846588395335686
1389846590182023168
1389846581160071169
1389846569449451521
1389846564445769728
1389846562537357315
1389846559768989707
1389846557294571526
1389846553855086593
1389846556715614212
1389846550818529285
1389846546280173573
1389846533269491712
1389846531373780992
1389846513367478272
1389846517670989825
1389846513199685638
1389846513933815809
1389846506769891335
1389846512017022977
1389846505775779840
1389846503720558592
1389846504261656582
1389846492467322880
1389845866350104582
1389846476893736965
1389846471848116225
1389846460770897921
1389846462696206340
1389846457101000707
1389846452344606720
1389846447093215232
1389846446648696832
1389846447051448321
1389846442437746690
1389846441972097026
1389846439484874752
1389846432874524678
1389846430513250304
1389846423105986563
1389846422577684482
1389846416823132161
1389846415724195840
1389845674628468736
1389845840701894656
1389846410409906177
1389846403187281923
1389846398905036801
1389846372900347904
1389846358887059463
1389846080452321280
1389846359952474114
1389846354269192193
1389846350531944452
1389846347881275393
1389845926651457536
1389846339706519553
1389846335529144320
1389846338398007302
1389846334535000064
1389846337437454336
1389846318265380864
1389846312653365249
1389846305984241668
1389846299726467074
1389846303300112384
1389846295888625664
1389846289198686208
1389846286828904448
1389846277798567937
1389845579665182723
1389845771382628353
1389846276188090370
1389846271159046146
1389846261457694720
1389846259104722946
1389846261684219906
1389846251278004230
1389846255187156992
1389845845839917059
1389846248274997248
1389845731679211521
1389846214749736961
1389846201638424577
1389846203223920644
1389846194449420288
1389846195216977921
1389846176095109128
1389846171103895553
1389846165605306371
1389846167802896385
1389846157350871040
1389846155807367175
1389846160731475972
1389846160328650753
1389846150786822148
1389846146130997250
1389846138082238465
1389846136983367680
1389846130687713280
1389846131245555713
1389846125461524488
1389846123834191875
1389846124266233860
1389846117978832900
1389845572643790850
1389845731133968384
1389845660078264320
1389845821340880896
1389846122668122112
1389846111880310787
1389846115323990017
1389846104297050116
1389846101050773508
1389845554549587971
1389846101897793537
1389846095623168000
1389846089784778752
1389846080272183296
1389846072256647177
1389846058147229699
1389845709902389248
1389845905088475139
1389846060965646338
1389846054934224896
1389846048026333185
1389846045480345605
1389846032738045971
1389846031370579968
1389846023804129280
1389846025658146816
1389845850520793088
1389846021723856896
1389845976165371906
1389846012773158913
1389846008796905475
1389846008717352961
1389845995954053121
1389846003520466944
1389845739207938053
1389845998898274304
1389845999980486657
1389845997359042562
1389845997396795392
1389845991067582470
1389845992153944064
1389845701765513216
1389845798934953988
1389845989243056134
1389845978790998018
1389845978421686275
1389845985900126208
1389845983316512772
1389845968934248448
1389845953847332866
1389845942023688192
1389845942195609602
1389845609738383360
1389845936470302720
1389845928861863939
1389845919575674892
1389845921706487814
1389845901523525632
1389845575387000840
1389845893503926272
1389845899287744513
1389845894992994305
1389845893302652929
1389845883089457152
1389845883135614976
1389845855428034561
1389845848767483905
1389845848457195525
1389845848754954244
1389845836645928960
1389845712867938305
1389845819403083780
1389845824310370306
1389845825098981376
1389845804194615297
1389845804274180100
1389845800503500802
1389845804387422210
1389845796741386240
1389845684493373441
1389845786972798976
1389845784254816257
1389845784330264580
1389845758925475840
1389845767498571779
1389845767767138305
1389845765044932610
1389845753523163137
1389845757746888709
1389845741527605251
1389845737945526275
1389845732841201665
1389845737840644099
1389845735730860032
1389845737396219907
1389845727853957124
1389845727036121090
1389845702201708546
1389845703023906816
1389845697852321792
1389845695373320192
1389845697764073473
1389845692143767553
1389845685004955660
1389845683746840576
1389845686582235137
1389845682039648258
1389845670308184071
1389845641023528960
1389845673164500998
1389845660858454016
1389845509632839682
1389845663756718080
1389845652817858564
1389845655313690624
1389845652239093764
1389845649311424513
1389845649479307267
1389845641321451520
1389845637773070336
1389845629938114560
1389845630990831620
1389845634954391554
1389845624112091136
1389845620224106500
1389845610396782592
1389845607616032768
1389845605082550272
1389845585482629122
1389845576636936196
1389845579228909571
1389845566620934144
1389845560991965189
1389845559935225857
1389845556093095944
1389845547150839811
1389845542314725377
1389845538145665025
1389845520890351617
1389845507128782850
1389845506843549704
1389845501135278080
1389845503542661121
1389845502733299712
1389845492142460929
1389845486165651456
1389845403604971524
1389843335393775618
1389845485708627969
1389843704337379328
1389843317316374529
1389845483493933059
1389845477798129665
1389845473817612289
1389845468092325890
1389845468734230530
1389843976467804164
1389844448612282368
1389845463277395968
1389844426982236163
1389845465588375553
1389845463239647234
1389844739122413570
1389843457880084480
1389844366836080641
1389843838978641922
1389844091664490499
1389844496578498561
1389845328153780225
1389843716152733696
1389843344147324928
1389844445818916866
1389844023700074496
1389844796877987841
1389843769738948613
1389845460307808256
1389843633046704129
1389845094455554048
1389843546572734468
1389845237233864704
1389845153515556870
1389844162896351234
1389845033877188611
1389844555806216197
1389845459406139392
1389845456469983233
1389845450430222338
1389845310982197250
1389844137554366464
1389845447192236032
1389845448626737154
1389844584851820544
1389845443945934849
1389845444864266240
1389845443497058304
1389843752915660800
1389844581848469515
1389845356104486914
1389845438790987776
1389845439135076352
1389845435427299328
1389844294215864321
1389845271513870338
1389845086402490369
1389845430977060865
1389845427118354439
1389845401411411968
1389845425574793220
1389845425222389765
1389845422424875008
1389845413839134720
1389845414749171716
1389844277572685824
1389843630269997058
1389845407262416903
1389845410810933248
1389845404477530112
1389845407098806274
1389845406478077952
1389845393790361601
1389845399356203015
1389843692563750912
1389843271392710659
1389844588496445445
1389845396248092673
1389845392288894978
1389845166475735044
1389845390589976585
1389844482841931778
1389845387574276098
1389843155831361537
1389845378401546240
1389845373791899649
1389845374542692353
1389845376174284805
1389843914287374338
1389844558557679617
1389845374827913216
1389845183093747718
1389845371006820367
1389845372898406400
1389844257532530692
1389844677784965122
1389845357371265026
1389844267464548357
1389845358403112960
1389844563750232064
1389845354258919424
1389845353508245512
1389845352514166785
1389845352707104769
1389845345505587200
1389845347934117890
1389845341009170433
1389843677321773056
1389843849053360129
1389845342573711361
1389845338756841473
1389845339545513987
1389845338756894721
1389845333509754880
1389843287880601601
1389845331467243520
1389845331559555074
1389845330045243396
1389845320771665920
1389844985659330562
1389844868818608130
1389845319605760001
1389843861955035138
1389845317198155779
1389845318762700800
1389845314782236675
1389845314262093829
1389845304934080514
1389844768327409664
1389845298445529090
1389845295454896131
1389845295043911688
1389845291864526849
1389845287376588802
1389845136176156675
1389844943737298949
1389843501412753409
1389844273928019968
1389843242598948866
1389843358873440259
1389844718587158534
1389844390059909120
1389845280200273920
1389845276865798145
1389844761763368962
1389845265054588932
1389845116999938054
1389845269748097024
1389844038208065544
1389845252723314691
1389845030320418817
1389845251930697731
1389845183919972353
1389844904126386177
1389843818229518336
1389844328743415809
1389845249074335745
1389845066836021252
1389845238768939010
1389844494145650690
1389845236231426049
1389845158615781377
1389843717054472193
1389845232875982850
1389845232221450245
1389845231848280065
1389845227997863937
1389845226110521345
1389844327522734083
1389843453597544459
1389843636095840259
1389845227402240001
1389844057250168834
1389845223984009218
1389845220582248454
1389845014025445381
1389845218963247104
1389845218174939141
1389845220527849474
1389845220666216451
1389845208104415232
1389845210952134657
1389845197429772295
1389845193126416386
1389845190714740736
1389845191696084992
1389845187174621184
1389845187300577283
1389844369289605120
1389845188332331008
1389845115552862209
1389845180707180545
1389844675163471872
1389843941428580353
1389844964746534915
1389845181206208512
1389845179939569664
1389845174830862339
1389845173903917056
1389843851884564480
1389845173476208644
1389845172305862658
1389845166782025734
1389845166870175744
1389845170837983233
1389845159928483842
1389845160658292737
1389844658637869059
1389844289337896960
1389845162352852993
1389845161883017218
1389845154601766912
1389845147140063233
1389845148213800963
1389843816564158465
1389845148306079744
1389845137107263491
1389843327885799432
1389845130060832772
1389845118081933316
1389845104156762113
1389845100868550656
1389845098653896705
1389845090198298625
1389844451472953344
1389844464705880069
1389844929929678852
1389845090462470144
1389845085320318980
1389845085794172928
1389845087509569537
1389844766284599299
1389845083298557953
1389843126148386817
1389845083948789762
1389845079867658244
1389845081532911616
1389845078617645061
1389845079880314880
1389844984573145092
1389845077770579970
1389845073102209032
1389845067427459073
1389845063744638978
1389843199196164097
1389843781181079555
1389844944710369287
1389844908282847232
1389844988599566336
1389845053837766659
1389845052298567680
1389845058216775686
1389845055393914880
1389843409226158081
1389845049937174536
1389843680387899392
1389844675427700742
1389845045533085701
1389845036712476673
1389845032769892356
1389845037723312131
1389845034770391052
1389845023450042371
1389845020258160647
1389845021885706240
1389845013849415680
1389845006815485953
1389844996463894529
1389845000565846017
1389844987852984321
1389844987043536896
1389844978755522560
1389843450728648711
1389844985680252928
1389844972241887232
1389844069111664643
1389844970014613507
1389844919141867522
1389844954630041602
1389844946958446595
1389844947197521922
1389844948120477697
1389844936363630592
1389844940046225408
1389844942093099009
1389843213758828546
1389844938670678017
1389844935638138881
1389844934107140100
1389844934761590787
1389843579162398720
1389844922593857537
1389843744782946305
1389844924992995330
1389844920265891840
1389844914192752640
1389844918093365250
1389844915622920195
1389843920423636993
1389843164517871616
1389844725142798339
1389844906303279107
1389844312540778499
1389844900439490568
1389844898657017859
1389844891241357312
1389844476357611520
1389843350014992387
1389844882261348353
1389844873281347585
1389844558221959170
1389844783774973953
1389844875315752963
1389844876422963201
1389844863823368201
1389844863286489088
1389844863416520712
1389844853853392896
1389844854407041024
1389844854264385538
1389844849424220160
1389844849742864388
1389844845636644865
1389843898348888064
1389844845498298370
1389844843418066945
1389844844139458565
1389844845397626881
1389844841719271427
1389844839307616256
1389844840289087489
1389844828008194048
1389843570811572226
1389844832508514304
1389844830834991107
1389844823314731011
1389844824661151748
1389844820764479489
1389843119861080065
1389844305271984130
1389844821284638724
1389843754434105349
1389844192235503620
1389843630614097920
1389843553803776002
1389844814691188736
1389844796722843648
1389844371521036291
1389844797783957507
1389844249504538626
1389843871832678403
1389844798551560193
1389844613754671105
1389844781300281345
1389844788443287555
1389844777584283648
1389843903931719683
1389844775117856768
1389843884260347905
1389844773889093634
1389844767173795840
1389844770676109312
1389844758462287877
1389844760668643329
1389844748672897025
1389844744650461192
1389844743115395072
1389844476525387779
1389844736119164937
1389844729689477120
1389843352649089026
1389844731362873347
1389844725780393984
1389844725910409216
1389843527736205312
1389843527832584193
1389844724186435584
1389844090091573249
1389844723674738691
1389843196297977859
1389844712140333056
1389844717756583938
1389843454277132295
1389843449105436672
1389844704682860546
1389844400193171460
1389844682834948096
1389844681572458497
1389844676883009536
1389844682302050308
1389844284799602689
1389844664799350787
1389844656796565510
1389844660370223105
1389844650186448899
1389843226304126983
1389843231714721793
1389844647866929152
1389844651096543233
1389843454193127428
1389843506923937792
1389844542816362501
1389844648365940737
1389844654913380355
1389844645543391233
1389844633618841601
1389844634629677061
1389844625318318082
1389844613280813057
1389843675568615425
1389843844645130243
1389844614287220739
1389844605462528000
1389844606603366403
1389844597413535746
1389844591289847808
1389844592518909957
1389843848906543105
1389844235914973184
1389844592590209024
1389844586080571399
1389844587003318277
1389844587812884481
1389844227631239171
1389844587825582080
1389843830413877254
1389843378154610691
1389844586386714626
1389843244175998976
1389843857236447233
1389844581114646528
1389844575330521088
1389844581647323136
1389844576869965828
1389844576274366464
1389844570553282560
1389843569855197186
1389843566743064579
1389844570523926528
1389844572428283905
1389844560810070016
1389844556418519042
1389844457659322371
1389843884822368258
1389844222082170881
1389844556506615808
1389844552425558018
1389844543248375811
1389844547774029827
1389844547199406080
1389844543793557505
1389844532888444934
1389844540442517507
1389844532024459264
1389844516408987648
1389844521215791105
1389844521018478595
1389844513351372801
1389843526439956480
1389844515704369154
1389844518544056320
1389844509354119170
1389844500093173761
1389843302699003913
1389844496444100608
1389844501213163520
1389844502949597184
1389843990887997441
1389844494066098178
1389844419172503555
1389843863494406146
1389844489154478082
1389844494288265222
1389844477142081538
1389844478677032963
1389844482485596164
1389843309242339328
1389844480572985345
1389844119271481345
1389844461396578306
1389844455960846338
1389844452081012737
1389844445382709249
1389844452341129216
1389844452131282946
1389843291613458436
1389844441804939268
1389843696623919104
1389844118369538048
1389844430597677056
1389844425338130432
1389844431348682752
1389844429955944451
1389844212431003649
1389843677787222017
1389844428727066628
1389844408376365057
1389844402286170112
1389844404773470209
1389844391322288128
1389844394333851649
1389844397018202112
1389844393591517184
1389844396070236166
1389844386389893122
1389844374322745344
1389844370321338369
1389844376088629251
1389844369205653507
1389844369679736833
1389844368719171585
1389844362637430786
1389844362926772230
1389844355817426945
1389844357168173063
1389844344639823873
1389844341611368449
1389844059511042049
1389844332111351810
1389843653225549825
1389843701430579205
1389844330383249415
1389844332300185601
1389844329913458690
1389844326201581574
1389844322904838145
1389844322363838466
1389843306998222848
1389844318165209092
1389844316491763713
1389844316571406337
1389844295369125900
1389844296233324546
1389844298439475200
1389844297466343433
1389843854610808833
1389844293347643392
1389844291783204865
1389844291225153540
1389844285600669697
1389844251480100864
1389844246581161985
1389844249798225920
1389844247961128960
1389844252243398656
1389844245880651776
1389843976157601792
1389844245738135555
1389844236271554560
1389844233352216576
1389844235931721735
1389844230906974210
1389843312425803780
1389844227106947073
1389844014866837509
1389844225240489986
1389844225248874496
1389844217795579910
1389844213794234368
1389844216398848000
1389844213903200256
1389844214364602370
1389844211738890243
1389844209079885825
1389844208186449920
1389844197381873669
1389844194831659015
1389844188955512833
1389844193258795010
1389844187508473859
1389844185973354501
1389844185943969797
1389844184820076544
1389844183423275009
1389844184216096771
1389844178742431746
1389844176078966784
1389844168789331968
1389844159037677568
1389844160874647554
1389844157280047109
1389844157343010816
1389844152427237381
1389844074157514759
1389844147264176130
1389843512141795329
1389843830887829505
1389844140565860352
1389844142323376128
1389844137420144640
1389844126909227008
1389844127953653760
1389843178744913920
1389844122488430594
1389844115211259905
1389844113365684230
1389844115282567170
1389844105652547586
1389844110836568064
1389844104364929024
1389843629515022338
1389843270625226758
1389844102959796226
1389844097028984834
1389844094231449603
1389844082927624192
1389844085033209857
1389844083955224576
1389844026346459139
1389844086580936708
1389844082525151232
1389844074312740867
1389844071917789186
1389844072089722881
1389844055375241220
1389844052271452161
1389843564809572353
1389844041844596738
1389844032143052803
1389844036068986883
1389844026359222277
1389844029752348674
1389844025784610820
1389844022617776128
1389844019543375872
1389844019434295297
1389843178182742016
1389844010005639169
1389844006495006722
1389843998353678339
1389843834192941058
1389843995422072832
1389843999712714753
1389843926807236612
1389843990783070211
1389843222072070145
1389843315038773249
1389843985842294784
1389843625526235141
1389843987775639552
1389843989549957120
1389843984919400450
1389843982734213120
1389843346693185540
1389843984160264193
1389843378418946049
1389843969132187650
1389843967890624514
1389843961498333188
1389843953902489604
1389843946860269574
1389843950178078720
1389843946126266369
1389843937322364933
1389843942452170752
1389843934986350593
1389843288866365443
1389843741058404352
1389843921690259458
1389843262333235201
1389843734163034112
1389843919454842882
1389843908566396931
1389843911070281730
1389843894813200384
1389843896277024771
1389843894280630272
1389843885921292288
1389843889394126850
1389843877113339905
1389843867487383560
1389843868116520964
1389843860680056833
1389843848285859843
1389843837854490626
1389843839599333377
1389843831546208259
1389843824722137088
1389843812265037826
1389843804908253189
1389843812860645378
1389843808443981828
1389843809773649928
1389843811140923393
1389843806766333953
1389843815792627714
1389843808624517121
1389843284206530560
1389843774076067844
1389843800567291905
1389843801984753668
1389843801405943809
1389843782057725952
1389843774789111809
1389843774097051649
1389843769017749508
1389843764496134150
1389843749191225349
1389843569163313153
1389843175691411458
1389843748251652096
1389843750352916483
1389843745168928769
1389843739741466637
1389843740043399168
1389843737442914305
1389843743440740352
1389843743490994180
1389843742471823364
1389843733344968704
1389843722788089859
1389843715053678597
1389843200047652870
1389843572434759684
1389843706472124417
1389843695223115777
1389843694132498440
1389843684930240512
1389843679418871813
1389843681545318401
1389843679041499139
1389843684225597440
1389843677128892416
1389843675669307392
1389843670216503297
1389843659483336710
1389843665703641090
1389843663891599360
1389843654735396871
1389843655515508738
1389843653053591556
1389843637312294912
1389843631687618561
1389843631952048133
1389843621357232130
1389843304313937921
1389843613128044546
1389843169521459204
1389843615795466242
1389843597407637507
1389843587597099012
1389843591804162051
1389843588905799682
1389843590352883714
1389843575836344321
1389843574854848517
1389843578977865728
1389843569108717569
1389843570165755905
1389843573701595137
1389843569028919296
1389843573659643904
1389843565153488896
1389843556404236289
1389843551740170246
1389843546644090881
1389843553921245184
1389843545205448704
1389843540679688196
1389843543523463169
1389843318658375680
1389843536237846528
1389843527018983424
1389843523969732610
1389843504851873792
1389843511273426945
1389843292792127489
1389843505887985667
1389843511898423296
1389843501563719688
1389843493221109760
1389843491048542208
1389843399994445825
1389843496593416193
1389843258445123587
1389843453568331776
1389843332508131329
1389843496509394948
1389843490801000448
1389843485780553728
1389843479879208962
1389843474615349250
1389843466239111170
1389843455174660097
1389843457498177538
1389843453291352064
1389843390515204103
1389843442914631683
1389843442507796490
1389843430533214208
1389843426254934016
1389843429106978820
1389843428461015041
1389843413378355207
1389843415584628739
1389843415093944320
1389843410958254082
1389843408865345538
1389843395846213632
1389843396404006912
1389843395460231178
1389843383066243074
1389843383871414276
1389843382558674945
1389843381870858247
1389843374379835392
1389843378213380096
1389843370130874368
1389843370726543361
1389843163292995588
1389843360039333890
1389843357208174593
1389843363063603200
1389843347326611459
1389843352150020097
1389843342347759628
1389843334710145027
1389843330205290502
1389843321221095425
1389843308860608512
1389843297464635394
1389843305245052929
1389843288476246018
1389843278149812227
1389843269316616197
1389843274203009026
1389843253789282305
1389843254301057025
1389843244217950208
1389843242980622340
1389843241583845377
1389843228220817410
1389843229395374080
1389843219207180288
1389843208448798722
1389843201520029698
1389843206213455874
1389843199275925506
1389843193919729664
1389843184298115075
1389843189293404165
1389843187192172547
1389843190581129220
1389843174223450113
1389843169987096584
1389843179747168257
1389843165146976257
1389843168062058496
1389843153289715712
1389843152345833474
1389843141398867969
1389843135547641857
1389843144800227329
1389843139301502984
1389843145869905923
1389843134150963206
1389843118401282050
1389843122272706566
1389843120557367296
