1389417618940043267
1390025892471181317
1390025667169832960
1389224522700623877
1388272808749326338
1390025611213688838
1389569864264732672
1388472842568847360
1390025224691793926
1390024297918443533
1390023951527579657
1389282176315707392
1390023793318367232
1389594101775933447
1388211406701428736
1388523475342557185
1390022516740173824
1390022242591862785
1388888450099675136
1389275302556176384
1388946681022930944
1388603840455352322
1390021600582451210
1390022055916146688
1390021318964219909
1390020372238589952
1388536089552424960
1388502515151298564
1388223699950571523
1390020150229823490
1389674329206530048
1388552898531848192
1388537055894925313
1387928379072999424
1389345295557746688
1388291081867993091
1389624320851206145
1389674363025121282
1388620145988313088
1388174370414157890
1387828652784558081
1388899477214220288
1389328632640786435
1389691025115910144
1388636806497792001
1389295293645033472
1388949469157232641
1390020148438863873
1389987014632562688
1389311964900257794
1388223699031973889
1387844385681727488
1388569576623927300
1389278168909942784
1389739860081053697
1388207162472615937
1387894004906295296
1388273318445207553
1387860917988122628
1390019930557358085
1389723301602230272
1388240233213292544
1388998432124129282
1388174038279753729
1388289849560473604
1387927074791325703
1388915761675075587
1390019820775567360
1389644265718829057
1388219320866537473
1390018957067788289
1389725953769701376
1389349590537687042
1388595665052192769
1390019006497763328
1389688971001843712
1390015759875780615
1390018183717863432
1390017776656392196
1390018031783346180
1388961618063618049
1390017961910435840
1390015879362990080
1388962676915642370
1389982924515147777
1390016564754145281
1390016024360022016
1390016726947991559
1390013921298419724
1388200970643927042
1390013653651378182
1390013150150500361
1387890821299544064
1389996020444979200
1388924008964317184
1389320000335323139
1389269619618160650
1389286430451535873
1388628442422202368
1389650412802744322
1387886816817074177
1390012810155880450
1388148829111799808
1389600037257191427
1389336792558497792
1389947186583011333
1389616829413269505
1388577701531815936
1390013342459129859
1390011802315071490
1390011705435082753
1389331368929239040
1390011046211985412
1389960870281633793
1390011257063890946
1389375421012140039
1389217688996786179
1390009719675367428
1389218602591703041
1389694732700327942
1390010506396663811
1387867941291532290
1389957970088251392
1390010198954188804
1389664596261105665
1389698180028063746
1388231406229151744
1390008387111432194
1390008532221767684
1390008244446408710
1389218840282796040
1389219478219722755
1388261363072393220
1390007506609471491
1389711522880835584
1387915335651581952
1388194698213289986
1387898674018021376
1387932005564706817
1389650517735903238
1390006416191094785
1389287928283631618
1389632779965517831
1387840599957544963
1388152659215978496
1389314616350576641
1388232113586012161
1389980145599979520
1388884664190787588
1390006832127565828
1390004200030056448
1387899824368848896
1389640406615289857
1387908486856536069
1388325717616726017
1387854064403107840
1387838130703659008
1387826860243836929
1388525248698404866
1389269044667109376
1387892937690738688
1389867493062184960
1388634127432253441
1389386542557253638
1388573840213561345
1388579712868360194
1389585978377994241
1389694868801220610
1389717425860452353
1388080748779954179
1389289558626291713
1387879254671511554
1388552013475024899
1389894734341050370
1388189620068704258
1388545160007454722
1388135207564308482
1388552476765286400
1389667633658613760
1388244036247441408
1388298484873273346
1388510946839056384
1389746006149910530
1389641987905572867
1389613201340309509
1388213453936939014
1388138025201270784
1388158611923210244
1388199738646827009
1389976372148203532
1388566989103194112
1389949168618074117
1387935721764179972
1389250433877614596
1389754082848481282
1389223203076145155
1388144868942249989
1389304867601059840
1389997735076503554
1389303269684482048
1390003594867343361
1389277655057330179
1389921946565894145
1387831270315495425
1388096911358320646
1388107981196206082
1389558753188487175
1388524659482660870
1389594004723929094
1388580702627659781
1388684711774482435
1388587529163599876
1388688561323483138
1388206610980380677
1387927225173823490
1389332098956201986
1388517809664126977
1389247244780544005
1389219804821655557
1389168755721134082
1388558908726288384
1389226625124888586
1389722080749391874
1388531477277679616
1387934078754643969
1388538311027793922
1388151711349440512
1387962936799285250
1388271262313553927
1388216838568304640
1389413770548498432
1388606913911218183
1389587093467254791
1387881284060413953
1389531562975240196
1388661348096036865
1389359319410348032
1389749270727725058
1390002505443127306
1389581576414052357
1390003232789893122
1388199763963785219
1390003174090567680
1390001985936580608
1390001616430850049
1390000270281777162
1389405001961910272
1389999912318767104
1387953173659271170
1388259235851558915
1390000759106834435
1387951063899181061
1389999137924419586
1389999565676466188
1389998496397287435
1389999745603620873
1389997495757905921
1389997445871017990
1389584511784996866
1388859462681722893
1389339529480339456
1389634886063902721
1388564237857935360
1389272310519975937
1389322718105927681
1389997283056390147
1389305909956866050
1389221898983071745
1388218443917234176
1389601295409967115
1389998070377615371
1389985266300080134
1389996352130650112
1388154407716491266
1389347633509117959
1389996085372874752
1388529022984888321
1389649698814787586
1388628477616680960
1388232912613507076
1389995522870546433
1389666284250406915
1388974383507509249
1389962381829173250
1389390975198453763
1389207161230831619
1389995762004766725
1389715137238421507
1389251861689950209
1387850485558702081
1387901450886385665
1388197568052568064
1388626517639397378
1388972344610213892
1388988984320163840
1389334867272298499
1388526748011155465
1389994548139466755
1388543379621834754
1389369369205956609
1388922579709173765
1389697295369654273
1388526877573218304
1387835131352604674
1389993325428498438
1389944844353622016
1388922700408655872
1389993045181927429
1389993193320730628
1389174986103984135
1389282263821606912
1388094696396832768
1389178329304023047
1389576036187246592
1389993037443452929
1389301408818737161
1388212464920109057
1389629370449285120
1389992271257366530
1389266962539192321
1388937298905997312
1388508370743689221
1389350049327370240
1389695820816031744
1389283566022918147
1388238298154377216
1389703614109683713
1389991932466667524
1388259717063925766
1389952208397946881
1389991444346245126
1388950494832316416
1389991444262260736
1387844993847480320
1388230838832168962
1388533103103119368
1389990926404124675
1389591786151022593
1389966383354503171
1388940877930721281
1389242974765125632
1389990307303919617
1388178125452980226
1389990716026327042
1389550592436183042
1389989492635877378
1389989490412986376
1389989663729987591
1389988827385659395
1389988544710684683
1389988376498016260
1389258022233464838
1389985852437172227
1388488291503255553
1388917580929241091
1389297859829243905
1388604714074312704
1389971600863219712
1389988231454674945
1388865604833079300
1389987092516655104
1388899605979418624
1388242602869149703
1388967428827189248
1388554011062595588
1389607693975916544
1389984862329663490
1389985191389798405
1389985180660666369
1389984833783357444
1389983547843301379
1389983931227807749
1389311223364259842
1389984536382124039
1389984017995354116
1388188342362148864
1388913188700180484
1387874809988587520
1387892468310437889
1389984066926116872
1389299248601001984
1389982502131879939
1389982534218489858
1389982185130708993
1389981463156695041
1389980540892295169
1389980038351761418
1388546311327084546
1389338564958121985
1389979354025717768
1389237760041488384
1389219998556585985
1389976931181924352
1389249486199853060
1389218574900682758
1389614220874944516
1389696875599519746
1389647133469405184
1388955439098781697
1388559857112928256
1389976613815689219
1389317856257445888
1389235241013841921
1387884608692244481
1389976772502949888
1389976420382826496
1389976344377835522
1389977175797817344
1389976570798829572
1389975641060257797
1389974277114454021
1388986609240997888
1388261504609177613
1388952958876884995
1389973372105216001
1389315539722391552
1388573711813410816
1389973449691516939
1389972632448143362
1387825073537617924
1388213153515941889
1387826486711832578
1389972916201209859
1389972936015192065
1389972470409699342
1389710337864212485
1389971812281241602
1388159394349682692
1389331042729824258
1389280724910448641
1388901410318606336
1389971517140869121
1388295621426171906
1389682605851922432
1389971900068241412
1389278832838909954
1389972044536713218
1389972161184604161
1389971656240664576
1389972217501413382
1389971028156190721
1388256646091079680
1389971073635061765
1389969225767337990
1389218072381198340
1389967391904337927
1388546731772583936
1389967435860647943
1388548078488100865
1388166779403337728
1389968138628833284
1389779409041719299
1388189173341835265
1388941626555342851
1388543131407196160
1389257469021495299
1389967835393368066
1389967515996983298
1388512698942427138
1388116279425331203
1388580730301599745
1388212123352764420
1388946010529886208
1388928674884296706
1389207630401327114
1388546711547617282
1388841996018589696
1389967104288256008
1388859334759616514
1389965067400007681
1388268065155080198
1388113220108443651
1388507107767488517
1389965191241142276
1389327579115569161
1387855404974100485
1389959451122229250
1389962984060067841
1389964294578708480
1389962982608687104
1389963488424960000
1389960488016965632
1388265319270019072
1389235363621736451
1389598056341938184
1389959113237360640
1389959707947851778
1389959229490929669
1389959691673944066
1389959874247725059
1388893637736599552
1388970982610702338
1388548647458119683
1389956768197857281
1389444369535488002
1389956113391513606
1389676254106771460
1388900025388847109
1389693129335263232
1388605814454198276
1389956458746363907
1389953039805550596
1388208205969330176
1389948805064310787
1389046534507962368
1389948325894377473
1387866794799603718
1388129639244107777
1389700472106360834
1389946501808500736
1389946841224073217
1389817504705302530
1389946541050253312
1389173484677484544
1389205850716266497
1389317811781214208
1388885805914013696
1388212791987908610
1389273448891957248
1388593351151308802
1388212376403550208
1389614924154822663
1389614220572958723
1388858005492539395
1389945075451506689
1389212947898064898
1389593160829992961
1388577762676379650
1389942686509981700
1389942118450348032
1389942812200738818
1389316811418599426
1389646204301049862
1388904481463492610
1388541771425062917
1388146262952710147
1389267255540682756
1389941512251789315
1389941234802831367
1389941076719509510
1389939274229993479
1389939270937452546
1389937973043634180
1389937949509185536
1389022910099066883
1389937135457865734
1389925637461266437
1387903332182896652
1389937016196894722
1389364566602223624
1389937001290469384
1389935216882556933
1389935438169788422
1389933093977419777
1389930329750781952
1389929646729400322
1389929960849252354
1389929146701148160
1389928736443731970
1389925402777427971
1389924848969920520
1389925414135607303
1389927833531727875
1389205323345448961
1389925428278743041
1389922823687348230
1389923648161603589
1389920702988537859
1389917721891164161
1389918307902365699
1389912806611369986
1389913262112788483
1389199932213637124
1389910768280379395
1389907208113172486
1389908254617182209
1389184141472718850
1389905020628385794
1389904383866032139
1389906225530277891
1389755703464579072
1389902109378760705
1389898239311335425
1389892383504994307
1389879716266512391
1389877677885116417
1389864661126766592
1388208734283833345
1389852149522341889
1389860694972112899
1389846423105986563
1389642803597172740
1389819071194087426
1388109426016636930
1389817903109738496
1389815046855749633
1389816024506245122
1389811715156611073
1389807916518150144
1389807738088267777
1389808600638443523
1389808390399053825
1388271969401901065
1389805087829028868
1389730353993056264
1388887899345547274
1388903004284231682
1388075791720894467
1387895243937222656
1388015278676606976
1389340134588358656
1388120730471059463
1389325158393946112
1388166274509787141
1389023294741831683
1388497825764233218
1388045606090727425
1389279991687376897
1388978375453077504
1388241772539637764
1388060578510376961
1389189772359335941
1389804434448740362
1389802363771256837
1389798212744085505
1389792780872978433
1389786614403117058
1389784548913864704
1389782315950354434
1389782962074439681
1389783158174806024
1389782932437438467
1389783975821037570
1389778162473594881
1389780663776206850
1389779077087780864
1389774858742022145
1389770369591033859
1389771384407035910
1389770171250790402
1389768125768368132
1389203543832371203
1389196927045099522
1389766432565694468
1389768554195546116
1389766361543446528
1389766135042641921
1389766023419629568
1389766279842652163
1388625139957256192
1389764137354371073
1388179781842132993
1388134340794601476
1389764494268669953
1388900598615969794
1389763936321376260
1389748450531561475
1389762642856747010
1389764375989276673
1389760832486187008
1389761641797939204
1389759365440278531
1389757910377504769
1389758627532230656
1389757153825615873
1389755629766647810
1389755727972085762
1389755782376349701
1389755398891065347
1389754665223458816
1389754499963703296
1389753893643456514
1389750429802717194
1389753020125040642
1389749474956820480
1389751478886313984
1389752700523454466
1389412309571936260
1389749301014790144
1389749090007883784
1388996167560617984
1389749619706327043
1389338531923857408
1389749967951118338
1387956192467689480
1389747428748763137
1389747203363721216
1389745580277223426
1389179223089238018
1389020482096312321
1389341485997432834
1389169967761854467
1389275592755925003
1389027404597788674
1389703909485207552
1389266334840623104
1388986611799445506
1389645365230542849
1389282921333215235
1389365619749908480
1389744596851118081
1388580651075465217
1388943069219676163
1389669488203681796
1389381481924071427
1387909065297203200
1388924383427661827
1388636551412740096
1389744049699975170
1389325555279949824
1387850612184797185
1389746051775705090
1389744831614885890
1389711469906960388
1389713335063613447
1389741946231398401
1389738913481199623
1388583503709671426
1388566471924621313
1389704833326731265
1387841356404379648
1388271919888093184
1389636991600316417
1388220813598330880
1388634322379309057
1389721869041897472
1388651363693854722
1389687787314499585
1388980025148416000
1389740440946085894
1388374896665899016
1389740277854781442
1389739865215062018
1389309904410877952
1389305138750361602
1389304956637913091
1389309544258543623
1389305724140937219
1389309718158614528
1389415598334091266
1389304983183663110
1389304619164110848
1389305838079205381
1389305055573065738
1389309836521836552
1389304906767556609
1389305800905068548
1389309937520680960
1389737656976805889
1389305098640236551
1389415504994095109
1389672904082681857
1389735337543409667
1389275398840590337
1389736169814904839
1389733537742532615
1389733386701262850
1389732755416752130
1389734811284115461
1389732342957109252
1387920904332607489
1389385686520721408
1389732486427529219
1389731731607932933
1389726650460475392
1389728649373421573
1389726650892496899
1389728219838902273
1389728507526369280
1388554049922863105
1389725701314551810
1388191630780366848
1389726005233913860
1389724626884960259
1389721223693750276
1389722275386171397
1388964291538210823
1388978161522728963
1389723120135806977
1389722150152642562
1389376004280537089
1389719915804848130
1389719970750283788
1389715573483966467
1389720258185895938
1389717178455404555
1387870476337246211
1388283542099009537
1389354256721793027
1388612200638521344
1388545068034711553
1388215997195116550
1389716703580332036
1389666028083318784
1389716926876864524
1389166355824484352
1388277290472202242
1389707249099083787
1389697529307148290
1389716710970777601
1388324437603278856
1388314973516963844
1388324341234946050
1388314829123956738
1389715429388660750
1389710135942160384
1389710651833176069
1389710090937196552
1389709214147285003
1389708370286813185
1389707599386402825
1389708381594791948
1389706557655552004
1389704411274960896
1389702676892508171
1389269072299261955
1389700957328470018
1388612318473297920
1389683867846516736
1387898619139739653
1389259375907205124
1387966761929117700
1389700843427876864
1388859335917248516
1389684245631623170
1389697953334546438
1389697968035487752
1387846507332734978
1388512785785573377
1389699409160466433
1388907850009743361
1388628227153747970
1389369997512757248
1389699190737891332
1389253622228144134
1388265823471505410
1389303501931515905
1387836602630623234
1389071824374403076
1389694237025898497
1387995339911745541
1389386994254483458
1389692969989537792
1387829875206094850
1389229266462666757
1389691657759625227
1389691276048601088
1388577419888627714
1389358993097863170
1389182708098772995
1389688938562994182
1389690357600854017
1389688705368031232
1389165245160062980
1387866529526521857
1388971424056897536
1389365787664683010
1388236746530312192
1389527459008192513
1388969783375269891
1389687011636924423
1389688474249306117
1389685229141610509
1389308526892392448
1388476345383018497
1387948721263071232
1389684344034406402
1388702876961280005
1389685118122536963
1389686020145225728
1389682539208577028
1389681306469023747
1389682015771893760
1389294029385265152
1387830881612537857
1389681426476371969
1388871333220478980
1388557166605344771
1389330649182478340
1389681763417427969
1389680260216762371
1389680168436781056
1389184543673012230
1389676821097197578
1389677010079858698
1389677477895757824
1389656534959919104
1389675998271217665
1389599231631978496
1389676082169749505
1389676002385793025
1389675194285924352
1389672479866687491
1389673643475570689
1388584685874270212
1389327835928535041
1389673729509138432
1388240273730244609
1389672079725846534
1389671454401196033
1388248735575011330
1389672095022403587
1389671174687371265
1388981949096611840
1388567519561019393
1389671763169087494
1388610984164560896
1388248578062045187
1389324178692534273
1388541008737046531
1389669561272733696
1389000911826132994
1389669518679625730
1389668006641364999
1389668410397708294
1389668363635462148
1389668712475676674
1389664565420445696
1389665594069368834
1389665988858171392
1389320136058818561
1387921734804799488
1388250558251769857
1388545467928121344
1387887919256399874
1387837234015981568
1389666666913538050
1388166136311652354
1387904833659699204
1388975424202428419
1389287382923370497
1388528565398872064
1389253626674040834
1389663822663782407
1388593335879802881
1389663824433893383
1389037903448186893
1389662973250048001
1389660742467657739
1389660700075651072
1389484794384461825
1389644353832841219
1388228259851083778
1389661145900797955
1388969914644373505
1389003479348244481
1388607439365304320
1388590660748333059
1389659135722115073
1389172650325458944
1389552321831518209
1389657080202678273
1389656243329925123
1389655605267288064
1389653866162049029
1389189011487535104
1389653068027998213
1389617604382412807
1389653941399343104
1389654578375716867
1389654680914087940
1389654759137849346
1389652799319859200
1389651834172755968
1388320292917944326
1389650097336688643
1389270239339335688
1389639472766140416
1389648577731862532
1389426649326817280
1389648168158208006
1389222534055354376
1389646883874906115
1389646482341470212
1389645774879875072
1389645366845313024
1389644820570804225
1388207504790851584
1389643701614374912
1389644027222441985
1389642523644071939
1389642081375858693
1389640958690562051
1389217818378326018
1389637894978088970
1389613546028244992
1388892487146561538
1389251065061601281
1389637929962594308
1389320082275192834
1388933051011371013
1389636103532019712
1387901538652200962
1388583376534138880
1388969204582387716
1389196939317563398
1389635472545128448
1389635748534554624
1389635152641409031
1388506803994906636
1389315540099899392
1389636022741336065
1389635473392345088
1388595408394326016
1388941467503120384
1389633159210233857
1388858575972278275
1389337057776992258
1388133473458683907
1389633818340990977
1389633785499512836
1389632609731366914
1389632671215718403
1389633118458441730
1389632579423248384
1389631685780672513
1389630821053739022
1389625349600948227
1389629832447811585
1389629525688995844
1389268056266866689
1389629075598184448
1389627758586777602
1389626806848823304
1389626797441130500
1389626236180312065
1389626231180734464
1389608915239784450
1389625960534667267
1389212341049327619
1388555357924978689
1388504203484561418
1389625737041301509
1389623563678740486
1388570299919003651
1388258964161269761
1389623680041426944
1389622778374983680
1389621324264480769
1389621188863971336
1389620033995743236
1389619934662172673
1389616500185706498
1389616669148946436
1389617345614733312
1389617203591499778
1388510534929207297
1387876692199305216
1389616161843671041
1389422697495597058
1389615418147495936
1389615332436893696
1389613974082179076
1389614102134333449
1389561783850053633
1389613768049668103
1389612763903926273
1389613558904680451
1389613624390569986
1389613888606543878
1389612243940253700
1389611856810106883
1388853332895281154
1388629865197232129
1389612579006214146
1389261913884815364
1387876525316268033
1388514334402252805
1389611691466362887
1389610910260633602
1389610937653489664
1389611248539652096
1389610402099695618
1389609425447555074
1389605358251896833
1389604525451796480
1389604465846726657
1389604115710238737
1388164266419793920
1389603711861858304
1389603101838036997
1389133631692627968
1389603637295566849
1389603522564476929
1389603386098659329
1389316263579684871
1389424817145847808
1389471104478109700
1389379751618437124
1389369171776053249
1388498420533534720
1389602412252565514
1389602132223922176
1389602776200753152
1389601440461508610
1389599470355156997
1389600228022624258
1389598741066395651
1388327395896086529
1389597397429325826
1389596708938584077
1389597196341833728
1389595915267289091
1389595418661724161
1389592925152190472
1389593722321506304
1389591780463718403
1389589602785185792
1389590214356750336
1389587725536399366
1389381164083912712
1389587866850840578
1389586585222516739
1389587228188463105
1389585084051824643
1389339294402334720
1389586074696048642
1389585133812862977
1389582318910812163
1389581406867804162
1389581527500083200
1389580011657695233
1389579493908484097
1387883274870067206
1389579814428938240
1389578181712228361
1387905252066832384
1389578396351488004
1389578466442366976
1389577035677319168
1388544866553106437
1389575678824116224
1389576581094559746
1389572982876606469
1389573710680674311
1389573638161002500
1389571816742690817
1389572152081494022
1389570819760795658
1389569608256995331
1389568543272931331
1389567733398859784
1389568507017408514
1389568475010637832
1389568382899564550
1389566639373524997
1389567406658437126
1389551821983715334
1389565423444705284
1388845361834471424
1389563171610968064
1389205898179010560
1389564125202767873
1389563097531117568
1389562405768814596
1389244808686882817
1389561284207644674
1389561761242681345
1389561317430898693
1389223377529982976
1389561309239332869
1389559844181614594
1389560613601488900
1389560566302351366
1389560674980929536
1389558571768090624
1389554966935789583
1388143416136044544
1389555628947955717
1389556262728253441
1389333116880363520
1389549041680273410
1389550080911417347
1389544654299963394
1389539126467256322
1389536561033842691
1388979066502537220
1389535332282945536
1389534556391346176
1389528874065616900
1389502471811354624
1389488198473043969
1389485970924269580
1389492491762634755
1389479661848039425
1389460860091961345
1389462354396516353
1389466832541736960
1389456835623755776
1389453623529254913
1389450227749294087
1389443116776804353
1389442892171595776
1389440833951342594
1389439747299319811
1389438061482762242
1389440106444984323
1389435908634529796
1389434672438910978
1389392137301598208
1389432824420130817
1387912489078190081
1389434475671703553
1389428766728855552
1389431693627445250
1389427204082135046
1389422519250296839
1389421761083580416
1389422768597266435
1389418337449308161
1389415133840089101
1389414626430001155
1389412799852449793
1389413687258189829
1389414189937037314
1389413625006223360
1389413373088079874
1389411351324364800
1388851389300944896
1388850937838673921
1387928645826646017
1388980968065691650
1389409920676626433
1389409446019883010
1389407580435324928
1389408693754601473
1389407115937255425
1389409111515803662
1389403920699645957
1388280945606893572
1389044101019049984
1389404805504901134
1388577859761999875
1388575591419555841
1389403428795916288
1388982071893262336
1389402795946643460
1389402513758199808
1388307810329403394
1389398255381925893
1389399985918259201
1389399290800443394
1389399588784705541
1389397460804673537
1389396774394204167
1389397321079787521
1389394120913850370
1389380690408579081
1389395309218914304
1389396425268727814
1389391721180585990
1389390890909700107
1389388850393456643
1389390054498488320
1389053016981004288
1389389186269073417
1389251201867386884
1389390094927286279
1389387315651485705
1389387365093830656
1389380988048789504
1389384017502367745
1389382806652997640
1389383760710225923
1387833819370123265
1389380257891995657
1389381904089112579
1389382071995584516
1389378373026263046
1389275305718820867
1389379782995943425
1388511688606031877
1389377661324173316
1388844533904027655
1389376123843321856
1389374970216816644
1389375366318354436
1389374807695835136
1389371713763348488
1389370418402787329
1389368400586186754
1389369089718640640
1389369708823121931
1389368870192955392
1389369553168347141
1389364886015250432
1389367979746287617
1389368154837721093
1389365952282693638
1389365997652496384
1389363980779409410
1388664173266046978
1389363840698261505
1389363610279895041
1389363718312677384
1389362896858140674
1389362213085982727
1389362942450167808
1389362588274855936
1389362484163878912
1389361174110687242
1389361278192345090
1389361518328782851
1389359290746605570
1389359400918343684
1389358162352947206
1389358182212976654
1389240893513756676
1389357593563262978
1389356249209257984
1389355595006947331
1389355189426171905
1389355823898501124
1389353797382672384
1389353752474406917
1389354056607584256
1389352692003184640
1389353266580922368
1389351909622882304
1389352045745000449
1387978042128093185
1389350471001952257
1389350341485875201
1389350444732805123
1389349620048924672
1388872800732131330
1389348784417636356
1388191040494968833
1389348503688732678
1389347565968052226
1389346710770565127
1389341725076992006
1389340191421210624
1389340828913606658
1389341891485855747
1389340815575691264
1389340309247627266
1389340914183811079
1387901037734875136
1389341589818855428
1389339444407377921
1389338291074256899
1389336831917838336
1389336896959025157
1389336895444893710
1389336437888372737
1387853092146728961
1389336847810121730
1388940378598825984
1389336538803105801
1389334798896746499
1388380169077854209
1387868262550151172
1389334052361097216
1389333700349943809
1389333942847873025
1389332670220406784
1389332211116171270
1388725245130022917
1389332962743918596
1389331959936012291
1389331898170753033
1388669208909725698
1389331931448320004
1389229763982630913
1389332850298789888
1389330460443123712
1389331680268365827
1389330636679356421
1389330869727514629
1389331803480100868
1389329411930050562
1389056097244360706
1388222113329287168
1389329744341176323
1389330023576973325
1389329291637182464
1389329473317875718
1389329879435554816
1388537821053419520
1388967465615380482
1387829832508002305
1389330058003636227
1388588260792832002
1387863403947958273
1388900484983914500
1389328130234621952
1389328663435354115
1388871520982765571
1389328829160640516
1389328025863426048
1389327582018080768
1389324167019778048
1388548558035423232
1389325503891271682
1389325286630514688
1389323702320254977
1389323973645807622
1389322447749529614
1388511396464189444
1389320715732615168
1389320257609687041
1389319914419146755
1387909485889417219
1388556743458791432
1388612286017806339
1389319349828210691
1389320461948002320
1389316976451854336
1389302480731877381
1389317768214876165
1389317433299587073
1388200505650802690
1389316765524496387
1389315321656397824
1389313247468212235
1389313139645292544
1389313171685576708
1389309948614610946
1389314050509713408
1389311796151037956
1389311141436870659
1389311287138693124
1389311558522654724
1389310572378738688
1388555530998714369
1389228205874155524
1389306647802175488
1389307208932888576
1389303965301583874
1389305154260905995
1389305189383868417
1389302826036170752
1389302087658491912
1389301817280843777
1389301326119456771
1389300310938726406
1389299756191473664
1388886944059248641
1388608294814556160
1388557879611772928
1388194990950547457
1389299292163084290
1388869641565396998
1389299169702006787
1389298103010922501
1389298104604708867
1389220791473123332
1389285233028124679
1388284105331290122
1389297707597111297
1389296223493017601
1389295552534306817
1388192471880900615
1388142476137926656
1388867338338902016
1389296642847772673
1388571722106896385
1389297172391227393
1389295509907677191
1389295504547192832
1389295785259544577
1389294766320328711
1389294725090381830
1389294531384860675
1389294735584604160
1389293377347334149
1389293445798195201
1389293772035350529
1389293201068990465
1389292877063376899
1389210080621514752
1389292507062849540
1389292498581921797
1389292086630010884
1389291882728116228
1389291213057007617
1389290784948592643
1389291038599155713
1389286212691714049
1389286168299286533
1389286456754114564
1389286817300578304
1389285513140572162
1389285713242374151
1389284337577775110
1389282203742310400
1389280896797356033
1389279927145435138
1389279752603803655
1389278177202167815
1389279157432066050
1389277817154818048
1389278358463152136
1389276503477612546
1389277618717999111
1389277065061437444
1389276233419079685
1389275205697085450
1389274695892017154
1389273016593387521
1389273714060009475
1389273948076920835
1388169789714026499
1388878268015603713
1387857354675290114
1389273293065232386
1389269843493462019
1389267924255444996
1389268270465916928
1388298936646094852
1389267933931745283
1389267313732591620
1389266628420923397
1389265069247123459
1388970914465779712
1388143652271104000
1389263674603282432
1389264112920711177
1388978771076784129
1389263093545451526
1389262101655396352
1389261369468456967
1389259724814798851
1389260217192521730
1389260328286949377
1389259958487748608
1389257251290968067
1389255765223821316
1389254258344738822
1389255104776204292
1389253986952286223
1389253460328173568
1389253074028429313
1389213534748385280
1389251610589548552
1389250364407492610
1389251017557041152
1389250425954652162
1389250459127386112
1389250705609744387
1388207504090271748
1389249876614008834
1389249281316425728
1389249848738734081
1389245657513299968
1389244111442546691
1389243078645456898
1389242609722445824
1389241621275893762
1388560236378656771
1388506887633600515
1389240788928794624
1388976047622823936
1388261907698573317
1389240561400389637
1389240138681647104
1389197806200528901
1389238123079643142
1389236224720707589
1389235946537771009
1389237320839278595
1389236117359185922
1389235638826766348
1389235558426234886
1389234632726614017
1389234308334989312
1389233460313686020
1389233374246617088
1389233242440716291
1388591453337571329
1389232496290668553
1389233011191857152
1389232702197571595
1389232161081937922
1389232238701711363
1388876213880508422
1389233076216156166
1389231223218835456
1389220262072274951
1389228914770423808
1389228525287198727
1389228847091027970
1389227580235165697
1389228179240407045
1389228107748495373
1389225890509373443
1388835183126777857
1388880078063300609
1389225683977576449
1388170934306099201
1389225437738455044
1389224352571396102
1389224069082632194
1389224464554938374
1388516026002808833
1387857679486308352
1388961964156604417
1389223199552983044
1389222821075750915
1389222289695252481
1389222129418358787
1389221372040261636
1389220890982768645
1388197911112994820
1387953812690939907
1389220098850820097
1389219240234921988
1389218396714283008
1389218978724294657
1389217666276208647
1389217205368274947
1389217330555654147
1388994104420405252
1389069620351483904
1389213733541588993
1389214678539145225
1389213623101308931
1389212663192903681
1389212701587431424
1389212436507549696
1389213452762337286
1389213259660726281
1389211825041035275
1388650415949029376
1389210343835148292
1389210524089454599
1389208946142027780
1389207996018794496
1388147499647504388
1389206873115561986
1389206875812483076
1389206272998838277
1389206074746626049
1389205190100803584
1389205247701110786
1389204426603339780
1389203737609183237
1389204810512146435
1389204889411141633
1389203311715225600
1389202115562725376
1388868177451491331
1388516640292319234
1388865257582567425
1388516644780187649
1388872977085775876
1388661698005962754
1388605696866934784
1388982363665879046
1389196293663182849
1389196904878182407
1389195363115061254
1389194522295406592
1388465195983544324
1389194240287252480
1389194055247085574
1389192588582952963
1389177596089405445
1389191548252921857
1389191349510017028
1389192345707556867
1389192330561953795
1389189821462196225
1389189028755513348
1389187074352287746
1389185889994121217
1389185446538792961
1387864597957419008
1389184238172483587
1389180809224114176
1389177397149196289
1389177917415071744
1389177900105076746
1389176331594870784
1389174647862747141
1387959785132367872
1389172597699403776
1389162176099848193
1389160330920558595
1387898554413322243
1389126421130399745
1388299605549350914
1388154106485694466
1388252160362618880
1389128036889464839
1389050378566529028
1388262632533094403
1389127629467488259
1389114651430952962
1389116693880836102
1389120559854735366
1389102732976418817
1389108543190487040
1389093819556286465
1389099914936860674
1389100050144546816
1389092426468397058
1389087522060439555
1389085171421376514
1389088053583654912
1389084666603266056
1388588738352082947
1389089263048826881
1389079366840115203
1389077172363481090
1389077349547843585
1389079365045030915
1389074734407684097
1389073189624549376
1389068704684691458
1389061437885009921
1389068306988945408
1389060400474427392
1389056905977516035
1389054424761331717
1389052601203822594
1389049506700931072
1389051629157031936
1389049399347609600
1389043624021794818
1389047419266949126
1389043335671685122
1387920446528507905
1389046754876743684
1389037718781325315
1389036892377735168
1389037153943003137
1389026169681555470
1389030525470449668
1389031264317939714
1389023664872599554
1388305167611727872
1389021657734336513
1389016693142433799
1389015353628442629
1389012665578795014
1389005983926599690
1389005126975705091
1388998663771328514
1389000789474127872
1388993543931367432
1388994008995799040
1388991319775735809
1388595252756242432
1388989713743327232
1388991493700939777
1388992199044513792
1388987458780491776
1388984947025797122
1388980718643171334
1388981248043864064
1388982345395580935
1388492615105056774
1388981533881610240
1388979683203637249
1388979489489575942
1388978262756544519
1388978034460401664
1388976551681687552
1388974239626190850
1388971588276600833
1388971394596286470
1388970711746707456
1388971947053264896
1388966140899115013
1388966801803943938
1388961130421264386
1388962531637563392
1388962749183574019
1388957794800324611
1388510592047087621
1388232844619644940
1388951102834552833
1388777729277841416
1388941778850521088
1388940625681207296
1388939905678643215
1388181526664253445
1388939655832227842
1388933036352356352
1388931878556684296
1388934673917751296
1388928178001960960
1388930203209064451
1388926587928670209
1388929688110829573
1387919759312752643
1388929595844431874
1388921566096941060
1388925057502695424
1388924121803890688
1388922083388841989
1388918096493219843
1388915177895067653
1388914895886954500
1388914882238586882
1388914968419053572
1388910845401387008
1388909702013095938
1388906273375068164
1388527924408553473
1388905705529221128
1388509755350470656
1388905470950363138
1388903497739821057
1388903757052788737
1388881470010257410
1388502259718230021
1388898257250652164
1388900775162613760
1388463709996163076
1388897362001764360
1388896234769879041
1388892217356345344
1388888652181393409
1388891758868590592
1388890783231750145
1388890955722407937
1387832064385458176
1388884672923553794
1388885318892404738
1388886083530891274
1388884098593091589
1388882390433603587
1388880233642831874
1387876608816549889
1388882149143576581
1388881863557615627
1388879502344818692
1388881475920138243
1388878974537768969
1388879648348594180
1388874561500983299
1388875922367987717
1388875753467568131
1388873490682499074
1388873312365916161
1388871941587570693
1388872246211526659
1388870594591174657
1388871847551270916
1388605829188702211
1387826167407808512
1388871668043554820
1388867308089749507
1388867021241262083
1388867712286347269
1388864009399590915
1388458708024414210
1388859757876764674
1388852690176860163
1388852223418015746
1388849060849803268
1388851261689274375
1388843219392163841
1388837734173876226
1388840136700571653
1388459215673516035
1388838355606163456
1388837398683914243
1388827404190294022
1388816845181001732
1388809318854795266
1388803116955545601
1388791537434341376
1388026662680293377
1388770753160482819
1388769962920005632
1388763509941493764
1388764886306525185
1388755734507134977
1388751169275711488
1388748621399695361
1388722673430278153
1388715610306236421
1388709984590913543
1388706132147978240
1388703807664656385
1388703091260858368
1388703594325610498
1388703419662209024
1388701974082826243
1388704917326635009
1388701590584848386
1388696711263096835
1388691028643770368
1388690657682804737
1388682207426859008
1388683074309873671
1388680772710584321
1388676846330400772
1388672509998940160
1388669940140363784
1388671049080918017
1388626922305769475
1388667020892278784
1388664837656530951
1388665347813765125
1388663839651151874
1388664037513338881
1388658602425176067
1388652740180541440
1388652516448034821
1388650200810631168
1388648569763160065
1388647553336442880
1388644350377267200
1388645826176630790
1388641252061687808
1388641802723500032
1388637013407064066
1388637870815072260
1388634975247822849
1388635756441210880
1388634568060702720
1388633323161915397
1388636299423322112
1388631096888340480
1388632360426508288
1388632841387319297
1387926644082450436
1388626608609800196
1388627719995396101
1387935997569249286
1388627367640240128
1388626634543190016
1388621966433832961
1388623342488408067
1388623910976040961
1388624671483088898
1388620835427033090
1388619005896892423
1388620260899577858
1388616415289085954
1388615264774799371
1388614227355635712
1388613729403785218
1388612058065821697
1388609921751687169
1388611323651559427
1388610156972363776
1388605337771683841
1388604424415850498
1388602109721993220
1388600039522570246
1388597820807069702
1388598947061534721
1388597014166921217
1388599290394730497
1388593528079585285
1388591355841101826
1388590325472628737
1388590748791021572
1388586797698064386
1388586306935173134
1388586397615935497
1388587700790255616
1388588714666889218
1388582854347612164
1388581685533491200
1388580103404212224
1388580801881772034
1388579799023587332
1388577102564315138
1388577269120217091
1388577816443113472
1388576972943642624
1388574593506430977
1387905515859103746
1388573640879394818
1388571773713756160
1388571716910202881
1388530381306073094
1388241939062009862
1388567251545116672
1388564252915552259
1388566058727100421
1387893656221143041
1387895203231526912
1387896970593796096
1388563313437515776
1388561505193545731
1388562042634874880
1388557777191194626
1388559288902189058
1388557803921592324
1388555885161689093
1388555382646247427
1388556185029251076
1388553774113886213
1388553374623092737
1388553614164041728
1388546954930450432
1388546914983899138
1388548402615554053
1388539539023704069
1388542074706825228
1388542688018849792
1388247052245618692
1388327571813593092
1388536952694050824
1388527124659638272
1388538297845125120
1387947908469706755
1388533337069916166
1388534132062539778
1388358401210548226
1388535669924925440
1388535592271613954
1388535114519429123
1388536580030275585
1388535530258841600
1388532909968171009
1388532820117700614
1388532602592657408
1388531787870183431
1388530347797737476
1388529745403461640
1388528816491016194
1388525201265147910
1388525389295783937
1388525124316385281
1387919974572822528
1388231649242927104
1388526959970295810
1388522932364791810
1388523077903036419
1388133646566105089
1388519520596279300
1388521339892506632
1388249538444632064
1388519912033898499
1388271000211664900
1388271467708788744
1388521032852680706
1388518273583566848
1388516783573831686
1388516422041710595
1388514134359216131
1388513794893176837
1388513592618663938
1388515091667116040
1388136269683822594
1388512082539261953
1388509495320588290
1388506783136759814
1388506447554637824
1388492499551883271
1388502315653484545
1388504341527646210
1388502606457278466
1388500022363316233
1388499992260739072
1388481450429845508
1388496690223755272
1388496644006678529
1388497305607811075
1388494099796447234
1388491692798619651
1388490882207395848
1388487052203806722
1388488655136862208
1388487657043361793
1388487412255449089
1388486899627708423
1388102668879597569
1388486273069993984
1388486197455032321
1388488309798686722
1388486163531509767
1388484779075592193
1388484509251813377
1388481314836389891
1388480100019146755
1388480137923072000
1388480722508320772
1388482927084834816
1388466439930236929
1388475003398545408
1388474032555798528
1388472795022217221
1388474276643319808
1388472316770889728
1388469178349223936
1388467285891952640
1388464853908705283
1388468126279368711
1388466233964703746
1388464483622866947
1388457737164632064
1388459913886814209
1388461305217097728
1388454401371672577
1388455958003728387
1388456236669079553
1388449088279040003
1388448174520602627
1388446886168760323
1388440430241533958
1388424494042206209
1388404628023353345
1388389473197690881
1388378682939609088
1388379861148999680
1388358512455999488
1388360392968134656
1388359752766345216
1388353489093369856
1388356547219099649
1388356953123041281
1388356193601601537
1388234297874735108
1388347696533147649
1388350495027195910
1388347581202239489
1388348147013935110
1388344219568414720
1388339146276577284
1388343167892738048
1387984996510670848
1388343318644396032
1388343403012841479
1388333759305551874
1388331830332596224
1388335087620550658
1388329840789577728
1388323108650684417
1388322314702397441
1388324178944724992
1388319842776883204
1388318740643819523
1388319236829827072
1388317127656894464
1388307140612399105
1388309906676146176
1388309418740178947
1388311889772437508
1388311262073819139
1388303962344931341
1388304137226539014
1388300469643227142
1388301311582433287
1388300607556001792
1388090847032344580
1388300288763834368
1388298002247323649
1388294625648168960
1388292763893051401
1388292626571579394
1388293265670250497
1388291433786978307
1388288297584054272
1388281213492756482
1388283996019302405
1388280483918852114
1388271421357531141
1388267878504357897
1388268529699508228
1388269195708837888
1388260708563906560
1388265565769256960
1388266473890721793
1388266513862303745
1388267640091774978
1388267286801260547
1388265116060196866
1388263458269921280
1388263007784902658
1388261553561116675
1388262213694099457
1388261586813390850
1388140522498404352
1388140517599453187
1388261020829982728
1388258427588157440
1388259885675130884
1388256947795906561
1388257939039916035
1388257940889509890
1388255650820542468
1388255155313852420
1388255298058608641
1388251462027853825
1388246781557882887
1388170028566999040
1388249067105312768
1388248129225433089
1388245110140329985
1388245667726958592
1388246283907960832
1388241656311205890
1388241698589843457
1388242457863856133
1388135556597620744
1388190931938156547
1388135916133302273
1388240317833351168
1388239899392937984
1388238949831876608
1388235843769454592
1388236191166877699
1388232369966964740
1388231424633880579
1388229192911888384
1388227370931392513
1388225066337374208
1388224432037056512
1388223071232958466
1388221767886516226
1388220809206923266
1388220066240606210
1388219377473003526
1388219756461785088
1388219828310351878
1388219218630381569
1388172307135299586
1388218525119037444
1388217348671213568
1388217459795132416
1388215961979920389
1388213346130960390
1388212488420921349
1388211143739592706
1388209354600378369
1388093432007036928
1388207350134104065
1388006458495623169
1388144872901595137
1388204014756524043
1388205847742980101
1388206225184202754
1388204461332434944
1388204147921461248
1388200895872073728
1388200489267957763
1387989005749264384
1388199568060215298
1388194454033502212
1388194457430814720
1388199982042341381
1388199093143433217
1388193031254253568
1388193467172597769
1388192638516539399
1388191613692829698
1388189826340564999
1388190118041710592
1388188736500944896
1388186369969770500
1387874180734070791
1388184897408442372
1388183003478728706
1388183747862933506
1388181753349685248
1388181262792286211
1388181287744253957
1388179341876498432
1388178903857045509
1388178601770582022
1388177102172823556
1388176710542168072
1388176313920352256
1387830545053208577
1388175826072522754
1388174872849883139
1388175220310151170
1388174161613316099
1388147939042803714
1388173947355729926
1388173450489962507
1388172393949114368
1387894450223976456
1388169906852667411
1388170284625244163
1388169161864536067
1388169034194210816
1387955542576926720
1388167845909958656
1388168195471679488
1388168188312104962
1388166808176414722
1387912580337860609
1388166919648268288
1388165745264107524
1388166064605913090
1388164538227363844
1388110376680759298
1388109983905161219
1388163947463905283
1388115534047236103
1388163671436693505
1388162603927670785
1388162894651604997
1388157913680650242
1388159630719737859
1388158514804117505
1388156599571681280
1388157733753430016
1388156439756148736
1388156133240496128
1388155507219828738
1388155641676636161
1388154129835495426
1388151400895447049
1388151962244243456
1388148665089417216
1388147629536776208
1388147041923129344
1388146674040778756
1388146469534769158
1388145868939808774
1388144165750558721
1388145576445886465
1388142279211192325
1388140406504890375
1388139920536002561
1388137898038370311
1388137148885385221
1387883092568952835
1388136342324981761
1388132800537272325
1388129641655844865
1388127941192716289
1388127170275463169
1388125778357936130
1388127247538610177
1388124133905600518
1388125063195529217
1388122891032670209
1388123325692534785
1388121943379832832
1388120267319386119
1388121561757069321
1388120880161689604
1388120657121185799
1388118673827770369
1388116909992910856
1388115739022958596
1388114864992882693
1388109385092767745
1388101846338789376
1388102450247307269
1388102619789500419
1388099133593030658
1388099548636196868
1388098433014280193
1388095557923655684
1388095731404349441
1387988544241627138
1388086368988024832
1388085808318533638
1388077339024707588
1388083307917848583
1388082028814417922
1388076524444729345
1388019436913713157
1388006989284790273
1388014132297932800
1388008609670475777
1388000316226818052
1387999371745136640
1388001326152310786
1388003401745801216
1387995244495519745
1387997110906155011
1387992372257206273
1387979094252417024
1387974866691788801
1387971488964255750
1387971929601101826
1387966115389792256
1387967915924787200
1387966698544844801
1387963857159827457
1387961225573650436
1387960960497844226
1387961329743536128
1387953933822283776
1387950071174647811
1387952294121984001
1387948802770882562
1387948072068595713
1387943380357980161
1387945088089837568
1387943595647324160
1387939808778067968
1387934811520749570
1387935625894973442
1387936273478868999
1387936271608291339
1387934901392101384
1387929889228038145
1387931363890786312
1387930373493989376
1387929712303898624
1387926754862505987
1387926573995679745
1387924386414428161
1387924573908316161
1387924829219733506
1387925906325262336
1387922179333967880
1387921503597957120
1387918916077461505
1387914192737370112
1387915862116548608
1387912212505841667
1387910628606550017
1387911514959482882
1387909021710143490
1387908352605229058
1387908874317991938
1387908057766629377
1387903000795090945
1387902545121718272
1387900655751376901
1387898228088184836
1387897415101915139
1387824453724246017
1387896618964291589
1387897377667878915
1387897382713626629
1387894877078257667
1387892646102843405
1387893954012717059
1387894792701546496
1387892250835755011
1387890579812409345
1387888389572087808
1387888163142709255
1387888128543936515
1387888258009468935
1387889602367823874
1387886501116223493
1387885945341546498
1387884082097385474
1387883311205294080
1387882417441103873
1387876277491744776
1387876757861138434
1387877222997012481
1387874942805585923
1387875411288371200
1387875766856151040
1387875623058694147
1387876003486212096
1387876061590003715
1387874180385763328
1387870820786073607
1387865121142288390
1387864121991966720
1387862950640242688
1387862038052024320
1387860444342276101
1387860690468179968
1387858737042501634
1387859633230925825
1387859843478917123
1387859958243368963
1387856867058192391
1387854690541613058
1387854604495433730
1387852430080045059
1387852945924911104
1387853521542864897
1387852153717497862
1387853607442259971
1387851809666920449
1387849840827138051
1387851006982111236
1387847382704922626
1387845151515684864
1387844684148523008
1387844223895019527
1387843756955631618
1387843268847800322
1387834172329250817
1387833822071255040
1387833911800221701
1387832721951571969
1387831806666420236
1387831714597138436
1387828825107611649
1387825759750873088
1387826334861250565
1387827171650007041
1387826297867542534
1387824509500100610
1387824326792019970
1387822711129493504
1387822870957641733
1387821900932345857
1387820647464767491
1387821504478466049
1387820931020697600
1387516876352327682
1387454439926255616
1387820364361703424
1387819970009214980
1387819868221710339
1387819202527088645
1387819237217947654
1387502777652301824
1387819324258144256
1387818076511645698
1387818010262441990
1387817984920416258
1387818163971231746
1387818206639935489
1387466785033650179
1387717953982898180
1387810670247235587
1387701041953710080
1387425653989908484
1387348909396160516
1387803816670633984
1387491238182490115
1387535268396212224
1387436794891759618
1387411950628347907
1387342059586015232
1387745184629157895
1387446198122934273
1387432485009510400
1387409570100768774
1387480445764325376
1387464033347858434
1387772413774082059
1387735291499225091
1387459946132869121
1387382362439258117
1387817569080410112
1387600146137899008
1387384434857451526
1387439336677801984
1387518470422622208
1387796952977350662
1387437962477162498
1387294472975753220
1387816917478502405
1387816791045382145
1387816411922305027
1387816162008780800
1387816059223281666
1387379417543057414
1387815560650498052
1387815282589188096
1387814850915622921
1387814833987358723
1387814214400679937
1387813536676655109
1387813667824095232
1387812757689487369
1387448911879565316
1387498518588260353
1387811327364661248
1387811331798093827
1387810577351942144
1387809823438217222
1387809269043634176
1387808866511953921
1387419751048228869
1387808616942501888
1387807872592007168
1387806702733381633
1387804952689614849
1387805994739060737
1387803712165396485
1387803767903563778
1387803077944688640
1387802152144293889
1387801081653043204
1387789870823743489
1387800243438112771
1387801443655057413
1387801028960030726
1387800799544332290
1387800109816156162
1387799213275234307
1387798842087706631
1387798328990060546
1387519767733362689
1387798351127760898
1387798807077920772
1387526721830678531
1387544543654862848
1387532395667103745
1387798179391762432
1387797556709584898
1387795841214205953
1387482530601861122
1387796415745830913
1387795939797180419
1387794209600466944
1387793698402955269
1387776904955109394
1387794688317480960
1387794752083533832
1387792519027585024
1387791775129952258
1387791683639783428
1387791930906525712
1387790496198631426
1387790723081252871
1387454394526957568
1387788689800052746
1387787636086091777
1387787633070276608
1387787896342683652
1387787896317517825
1387787404074000388
1387787347689803783
1387786398422339586
1387785337494200322
1387784368605773826
1387784258870136833
1387782087327961089
1387520312602882049
1387782283315326978
1387781154762334213
1387779496980406272
1387780129510805506
1387779967132573705
1387779388607848449
1387416972057481216
1387775811973955591
1387717985599692803
1387775695963701249
1387773371061096463
1387773755154444299
1387773054223323140
1387772330210955275
1387771644870074378
1387772411295186954
1387406262950838276
1387409800246464523
1387770822237073408
1387770718683807748
1387769945518485505
1387767689452658692
1387764547226939398
1387763436906598404
1387764650536747018
1387625653978140673
1387627632787959810
1387622481314426882
1387624577602363397
1387760733530828810
1387758446603296777
1387527393682673667
1387757981824061440
1387756535527378950
1387753868231053316
1387753817383612418
1387452168567988225
1387751298200711171
1387750324425928709
1387749893230505992
1387750449118257158
1387746165261733895
1387397604254928896
1387746902838587398
1387745837527281667
1387743994482855945
1387458242297532417
1387308123937902592
1387744942836133893
1387418095422164994
1387741593868845057
1387739528941735942
1387738199578009603
1387739035708186627
1387735720152866826
1387736926107492354
1387737114889105409
1387383104902475777
1387734534456807427
1387733075157790726
1387729030825201671
1387725400500019202
1387725577583534086
1387722394224283649
1387717582296342528
1387720671627726849
1387719014558875650
1387716752252063746
1387714144351268866
1387709652201349126
1387700449105567748
1387696451942244356
1387678026813505540
1387673026083397634
1387663969544929280
1387665350930550785
1387665341485047808
1387650575827980289
1387352494590865410
1387460186739257359
1387655124038918146
1387650109933031426
1387655783337271298
1387649933956747264
1387653753747214336
1387645303075966977
1387641945950810114
1387646670507323392
1387391752340975619
1387597988743155715
1387635116353015813
1387639902586564614
1387634101579132928
1387631683000848387
1387523857427337218
1387626015141343233
1387271466052251652
1387625023985184777
1387624259397328897
1387621591282896897
1387621424605536259
1387623519652098049
1387617499152371713
1387613434028515329
1387614302404694020
1387615947809333250
1387614569347129344
1387610213864378369
1387607395971387393
1387606839584559105
1387605185879449607
1387605221442949121
1387606342374879237
1387601748370460678
1387602524044206085
1387603853588238336
1387602904551411716
1387602512732168201
1387597286562226180
1387599262343581700
1387595901879820288
1387595345656524802
1387595772582055941
1387596831094231042
1387592277053292545
1387589020407013377
1387591033299607553
1387590510043439105
1387590968019353600
1387592362759794689
1387423873063219206
1387586234688626690
1387414490837311489
1387584820641943552
1387583243990491137
1387584161716654080
1387581770493747201
1387580824959295490
1387583028327718912
1387579348673351683
1387576938030460929
1387576995664613379
1387575847679369223
1387575232467177473
1387575300511477760
1387572748243902470
1387571081611923456
1387569246075502594
1387568971839332355
1387569696078106626
1387565555549315077
1387565374544121859
1387466246917005312
1387565966318440448
1387566762409951235
1387562865905733633
1387562210981937154
1387560278640840704
1387559776310087680
1387559888243601409
1387558128120651778
1387556485664804865
1387556962129248256
1387555523462111237
1387552150465617921
1387552704940044288
1387388357156565002
1387550855440723972
1387550315424075780
1387549656939339777
1387549603747090432
1387545273069719552
1387542572411723776
1387542601813962756
1387540932808036352
1387539679780610055
1387537928377847815
1387537019044175873
1387535927120076800
1387533863656767489
1387533730101829634
1387533618327834631
1387533155796766721
1387535139522101250
1387533800217980933
1387531065313595395
1387531458516951040
1387529364166909956
1387531086993838083
1387531987439734786
1387531685525266432
1387530716695519232
1387531820049203200
1387531595872194565
1387531395615055873
1387529159572922370
1387528398709264387
1387529300124094467
1387527365266448388
1387528222196129792
1387426423825108997
1387526011642859523
1387525827630231553
1387524478175891457
1387522362824740865
1387522377647411203
1387522420123193344
1387523711205449728
1387522131957846017
1387520108914958337
1387519966711271428
1387519480138551299
1387518274666180608
1387518446242615299
1387519745864310784
1387516397853442051
1387517578168324096
1387516179556753410
1387514098787696645
1387514892056399875
1387514002666893314
1387512147991695361
1387512900013764613
1387513281871454209
1387510042815991813
1387509999505747970
1387510945447124999
1387510045760376835
1387409310196535299
1387508585681154049
1387508825364828165
1387509006709760001
1387508492949499906
1387508762072600579
1387505754966536196
1387506870684831749
1387506846034841602
1387503564843413504
1387453802689695744
1387417052088995844
1387505164118990848
1387502476799086595
1387501979774033920
1387501433621127171
1387418065214709764
1387503108377382914
1387500143851851777
1387499782621564940
1387499085473665026
1387463845581492228
1387497431244304384
1387497391775879170
1387497092600504320
1387494779055968257
1387493230732709898
1387493503559639055
1387493462782644225
1387494011573731332
1387490819058192386
1387491290254807042
1387491394193825793
1387490961660522498
1387489338020220929
1387489793915899906
1387486818984210438
1387484366398439428
1387480964356616198
1387485118772568071
1387483034044157952
1387483874876215298
1387479613614473223
1387481320398282752
1387480746487685121
1387478099143675907
1387476519728058376
1387476230170025986
1387477833690370051
1387476586862108676
1387475001826320389
1387474893290328067
1387474531892219908
1387474221803220995
1387474975590735873
1387472586808958977
1387471260150603778
1387471284834025479
1387469357077434369
1387470291400548352
1387468510121582593
1387467467925037060
1387399956168798209
1387467593922011141
1387468384602820617
1387468077969809408
1387465529351344139
1387465939533320198
1387465671647318018
1387463947675131909
1387465116665454601
1387455255797981190
1387463719592988677
1387464020152696833
1387461870873825287
1387463218595983360
1387462343291019271
1387459482746302467
1387457571041124354
1387457543321001984
1387457174658555907
1387457040105164800
1387455721219018759
1387455834549067779
1387456172978970629
1387453859413598209
1387454296220909572
1387453413617635330
1387452585813155844
1387452883134828550
1387453231362711555
1387452394003382275
1387451452671467523
1387451017407590402
1387452018193702919
1387449471227813905
1387448273301123075
1387448818132783109
1387446120951996420
1387446269161914372
1387445921512783872
1387446486707937287
1387445513046433798
1387446312254193665
1387445765979656198
1387446682149916678
1387444658096152580
1387443995496771589
1387441165218291717
1387440880982888452
1387440342052610053
1387439926288035846
1387438982250778628
1387436002017415176
1387438465692934153
1387438135903019017
1387437674928164872
1387436560682033154
1387434832301498370
1387434262488625153
1387434440461225986
1387433868844838913
1387433421232689155
1387433395433590785
1387433227909013505
1387432342243975168
1387431878202957827
1387430672961261568
1387431546790027268
1387431580818415618
1387430374389731330
1387428393965301760
1387427963512180746
1387427197917405184
1387426166567579649
1387424096510779395
1387424125183053827
1387424662251089924
1387424766563393542
1387423524285870082
1387423701633695745
1387421511061999618
1387421448139116544
1387420271544504327
1387420235444019202
1387419431320657927
1387418821904982029
1387416763374125057
1387417053888499712
1387416776548524037
1387414719858892807
1387415695403720705
1387413354084372485
1387410629967896576
1387411147280748545
1387410124919164928
1387411124069490692
1387411123809308679
1387410380670963718
1387409305574404098
1387408926530998273
1387408949411028993
1387408479586078720
1387408263768125440
1387404584432328708
1387401991568166917
1387401566555041793
1387398740785369098
1387399508317855750
1387399497110654976
1387399539661983751
1387398503526240265
1387396720921923584
1387396808788254722
1387394870415962113
1387394012538101769
1387394647345991685
1387392544573587456
1387391054656180224
1387391389302939652
1387391038541778951
1387389788186103811
1387389079164178432
1387390322347495427
1387390501670768640
1387388236385955851
1387388939191869441
1387386725509566465
1387383301262958596
1387383300839378946
1387384684041183233
1387382898014183427
1387378243439890441
1387380333209915392
1387377091990237192
1387375851528855558
1387375225554096134
1387373137965326339
1387372844208705541
1387370764458987528
1387369745872207874
1387362869067538432
1387364414362423305
1387359530741379078
1387362063333281795
1387358659500515334
1387350546852589570
1387347895637221378
1387352074875248640
1387345613369585669
1387346980565774336
1387343330288103429
1387336188156055553
1387338553592537089
1387336059328020483
1387336887715602434
1387328132693245952
1387336249283862528
1387325634754629635
1387324849199058944
1387296119923822597
1387297712975097857
1387292601406033923
1387280536066875396
1387280455834038274
1387280939949166592
1387273824601772032
1387274270032613376
1387277717482115073
1387273771518623746
1387269602292342786
1387264789894795264
1387267286462046208
